price,sqfeet,beds,baths,cats_allowed,dogs_allowed,smoking_allowed,wheelchair_access,electric_vehicle_charge,comes_furnished,laundry_options
1327,1204,3,2.0,1,1,0,0,0,0,no laundry on site
789,585,1,1.0,1,1,1,0,0,0,laundry on site
1576,1360,2,2.0,1,1,1,0,0,0,w/d in unit
925,744,1,1.0,0,0,1,0,0,0,no laundry on site
1310,726,1,1.0,0,0,1,0,0,0,no laundry on site
935,875,2,2.0,1,1,0,0,0,0,laundry on site
1297,1078,2,2.0,0,0,1,0,0,0,no laundry on site
1262,772,1,1.0,1,1,1,1,0,1,w/d in unit
1358,975,2,2.0,0,0,1,0,0,0,no laundry on site
950,950,2,2.0,0,0,0,0,0,0,w/d in unit
950,950,2,2.0,0,0,0,0,0,0,w/d in unit
1297,1078,2,2.0,0,0,1,0,0,0,no laundry on site
950,950,2,2.0,0,0,0,0,0,0,w/d in unit
950,950,2,2.0,0,0,0,0,0,0,w/d in unit
1065,790,1,1.0,1,1,1,1,0,0,w/d in unit
1387,961,2,2.0,1,1,1,0,0,0,no laundry on site
715,850,1,1.0,1,1,1,1,0,1,no laundry on site
1400,1395,3,2.0,1,0,1,0,0,0,w/d in unit
1262,772,1,1.0,1,1,1,1,0,1,w/d in unit
1265,959,2,2.0,1,1,1,0,0,0,w/d in unit
699,783,2,1.0,1,1,1,0,0,0,laundry on site
715,800,2,1.0,1,1,1,0,0,0,laundry on site
885,875,2,1.0,1,1,1,0,0,0,laundry on site
940,927,2,2.0,1,1,1,0,0,0,laundry on site
1447,1032,2,2.0,0,0,1,0,0,0,no laundry on site
869,611,1,1.0,1,1,1,0,0,0,laundry on site
1508,1006,2,2.0,1,1,1,0,0,0,w/d in unit
1207,787,2,1.0,0,0,1,0,0,0,no laundry on site
775,624,1,1.0,1,1,1,0,0,0,laundry on site
915,782,1,1.0,0,0,1,0,0,0,no laundry on site
1200,900,2,2.0,1,1,1,0,0,0,w/d in unit
1254,1152,3,2.0,1,1,1,0,0,0,w/d in unit
1085,764,1,1.0,1,1,1,0,0,0,w/d in unit
1175,1009,2,2.0,1,1,1,0,0,0,w/d in unit
940,675,1,1.0,1,1,1,0,0,0,w/d in unit
1200,900,2,2.0,1,1,1,0,0,0,w/d in unit
1314,1152,2,2.0,0,0,1,0,0,0,no laundry on site
1075,779,2,1.5,1,1,1,0,0,0,laundry on site
999,750,1,1.0,0,0,1,0,0,0,no laundry on site
989,732,1,1.0,1,1,0,0,0,0,no laundry on site
1300,776,1,1.0,0,0,0,0,0,0,w/d in unit
840,610,1,1.0,1,1,1,0,0,0,laundry on site
805,786,0,1.0,1,1,1,0,0,0,w/d in unit
0,778,2,2.0,1,1,1,0,0,0,laundry on site
1276,1003,2,2.0,1,1,0,1,0,0,w/d in unit
897,456,1,1.0,0,0,1,0,0,0,no laundry on site
1514,903,2,2.0,1,1,1,0,0,0,w/d in unit
1055,792,2,2.0,1,1,1,0,0,0,w/d in unit
1292,1013,2,2.0,0,0,1,0,0,0,no laundry on site
269,395,1,1.0,1,1,1,0,0,1,laundry on site
1563,1253,3,2.0,1,1,1,1,0,0,w/d in unit
1250,675,2,1.0,0,0,1,0,0,0,no laundry on site
269,395,1,1.0,1,1,1,0,0,1,laundry on site
269,395,1,1.0,1,1,1,0,0,1,laundry on site
1528,1006,2,2.0,1,1,1,0,0,0,w/d in unit
209,300,0,1.0,1,1,0,1,0,1,laundry on site
920,853,1,1.0,1,1,1,0,0,0,no laundry on site
875,636,2,1.0,1,1,1,0,0,0,no laundry on site
795,491,1,1.0,1,1,1,0,0,0,no laundry on site
695,475,0,1.0,1,1,1,0,0,0,no laundry on site
975,926,2,2.0,0,0,1,0,0,0,no laundry on site
1115,1144,2,2.0,1,1,1,0,0,0,w/d in unit
1192,827,1,1.0,1,1,1,1,0,0,w/d in unit
870,570,1,1.0,1,1,1,0,0,0,laundry on site
875,982,2,2.0,1,1,1,1,0,1,no laundry on site
913,550,1,1.0,1,1,1,0,0,0,no laundry on site
1450,800,2,1.0,1,1,1,1,0,0,w/d in unit
1295,900,2,1.0,1,1,1,1,0,0,laundry on site
975,800,1,1.0,1,1,1,1,0,0,w/d in unit
1297,1078,2,2.0,1,1,1,0,0,0,w/d in unit
1232,980,2,2.0,0,0,1,0,0,0,no laundry on site
1099,800,1,1.0,0,0,1,0,0,0,no laundry on site
725,590,1,1.0,1,1,1,0,0,0,laundry on site
268,300,0,1.0,1,1,0,0,0,1,no laundry on site
1070,893,2,2.0,1,1,1,0,0,0,w/d in unit
1200,772,1,1.0,1,1,0,1,0,0,w/d in unit
1175,1105,2,2.0,1,1,1,0,0,0,w/d in unit
1495,1146,3,2.0,1,1,1,0,0,0,no laundry on site
679,240,0,1.0,0,0,1,0,0,0,no laundry on site
1469,519,1,1.0,1,1,0,1,0,0,w/d in unit
1192,742,1,1.0,1,1,1,0,0,0,laundry on site
1073,800,1,1.0,0,0,1,0,0,0,no laundry on site
1130,1107,2,2.0,0,0,1,0,0,0,no laundry on site
1271,938,2,2.0,1,1,1,1,0,1,w/d in unit
1075,965,2,2.0,1,1,1,0,0,0,w/d in unit
1116,865,2,1.0,1,1,1,0,0,0,no laundry on site
268,300,0,1.0,1,1,0,0,0,1,laundry on site
1152,777,1,1.0,0,0,1,0,0,0,no laundry on site
1595,1293,3,2.0,1,1,1,0,0,0,no laundry on site
1453,1200,3,2.0,0,0,1,0,0,0,no laundry on site
1025,782,1,1.0,0,0,1,0,0,0,no laundry on site
1107,646,1,1.0,1,1,1,1,0,0,w/d in unit
699,540,1,1.0,1,1,1,0,0,0,laundry on site
1326,765,1,1.0,0,0,1,0,0,0,no laundry on site
1255,959,2,2.0,1,1,1,0,0,0,w/d in unit
1480,1055,2,2.0,1,1,0,0,0,0,w/d in unit
825,789,2,1.0,1,1,1,0,0,0,laundry on site
864,570,1,1.0,1,1,1,0,0,0,laundry on site
209,300,0,1.0,1,1,0,1,0,1,laundry on site
1000,600,1,1.0,1,1,1,1,0,1,laundry on site
870,570,1,1.0,1,1,1,0,0,0,laundry on site
1019,550,1,1.0,1,1,1,0,0,0,no laundry on site
1200,1100,2,2.0,1,1,1,1,0,0,w/d in unit
1045,900,1,1.0,1,1,1,1,0,0,laundry on site
1155,1005,2,2.0,1,1,1,1,0,0,w/d in unit
5000,4391,5,4.0,0,0,1,0,0,0,no laundry on site
1106,782,1,1.0,1,1,1,0,0,0,w/d in unit
1447,1032,2,2.0,0,0,1,0,0,0,no laundry on site
1031,695,1,1.0,0,0,1,0,0,0,no laundry on site
268,300,0,1.0,1,1,0,0,0,1,laundry on site
1070,893,2,2.0,1,1,1,0,0,0,w/d in unit
1265,959,2,2.0,1,1,1,0,0,0,w/d in unit
1301,1025,2,2.0,0,0,1,0,0,0,no laundry on site
695,475,0,1.0,1,1,1,0,0,0,no laundry on site
795,491,1,1.0,1,1,1,0,0,0,no laundry on site
875,636,2,1.0,1,1,1,0,0,0,no laundry on site
920,853,2,1.0,1,1,1,0,0,0,no laundry on site
0,778,2,2.0,1,1,1,0,0,0,laundry on site
679,240,0,1.0,0,0,1,0,0,0,no laundry on site
920,456,1,1.0,0,0,1,0,0,0,no laundry on site
1365,461,1,1.0,1,1,0,1,0,0,w/d in unit
1035,771,2,1.0,1,1,1,0,0,0,laundry on site
625,500,1,1.0,1,1,1,0,0,0,laundry on site
1189,925,2,1.0,0,0,1,0,0,0,no laundry on site
1170,1107,2,2.0,0,0,1,0,0,0,no laundry on site
1192,742,1,1.0,1,1,1,0,0,0,w/d in unit
800,750,2,1.0,0,0,1,0,0,0,w/d hookups
1297,1003,2,2.0,1,1,1,1,0,1,w/d in unit
950,1204,4,2.5,1,1,1,0,0,0,no laundry on site
209,300,0,1.0,1,1,0,1,0,1,no laundry on site
1314,1200,3,2.0,1,1,1,0,0,0,w/d in unit
1312,1167,2,2.0,1,1,1,1,0,0,w/d in unit
929,686,2,1.0,1,1,1,0,0,0,laundry on site
1495,1146,3,2.0,1,1,1,0,0,0,no laundry on site
1513,1006,2,2.0,1,1,1,0,0,0,w/d in unit
268,300,0,1.0,1,1,0,0,0,1,laundry on site
886,400,1,1.0,1,1,1,0,0,0,no laundry on site
866,570,1,1.0,0,0,1,0,0,0,no laundry on site
773,676,1,1.0,0,0,1,0,0,0,no laundry on site
1050,762,2,1.0,1,1,1,0,0,0,laundry in bldg
1248,938,2,2.0,1,1,1,1,0,0,w/d in unit
1314,725,1,1.0,1,1,1,0,0,0,w/d in unit
1019,550,1,1.0,1,1,1,0,0,0,no laundry on site
1510,1213,2,2.0,0,0,1,0,0,0,w/d in unit
1185,879,2,1.0,1,1,1,0,0,0,laundry on site
1515,1219,3,2.0,0,0,1,0,0,0,no laundry on site
1275,1017,2,2.0,1,1,1,0,0,0,w/d in unit
1353,1054,2,2.0,0,0,1,0,0,0,no laundry on site
941,634,1,1.0,1,1,1,0,0,0,laundry on site
1131,950,2,2.0,1,1,1,0,0,0,w/d in unit
1109,768,1,1.0,0,0,1,0,0,0,no laundry on site
1833,1289,3,2.0,1,1,1,0,0,0,w/d in unit
1050,750,1,1.0,1,1,1,0,0,0,laundry on site
1381,1183,3,2.0,0,0,1,0,0,0,no laundry on site
799,600,1,1.0,1,1,1,0,0,0,laundry on site
926,730,1,1.0,1,1,1,0,0,0,w/d in unit
860,615,1,1.0,1,1,1,0,0,0,laundry on site
1235,543,1,1.0,1,1,0,0,0,0,w/d in unit
3416,1070,2,2.0,1,1,0,1,0,0,w/d in unit
736,350,0,1.0,1,1,1,0,0,0,no laundry on site
924,539,1,1.0,1,1,1,0,0,0,w/d in unit
1048,700,1,1.0,0,0,1,0,0,0,no laundry on site
925,700,1,1.0,1,1,1,0,0,0,w/d in unit
1605,1106,2,2.0,1,1,0,0,0,0,w/d in unit
1235,2082,4,1.5,1,1,1,0,0,0,no laundry on site
1254,1152,3,2.0,1,1,1,0,0,0,w/d in unit
647,1159,2,2.0,1,1,1,0,0,0,w/d in unit
1850,1160,2,2.0,1,1,0,0,0,0,w/d in unit
1205,937,1,1.0,1,1,1,0,0,0,no laundry on site
925,700,1,1.0,1,1,1,0,0,0,w/d in unit
1555,1426,3,2.0,0,0,1,0,0,0,no laundry on site
1585,1063,2,2.0,1,1,1,0,0,0,w/d in unit
925,700,1,1.0,1,1,1,0,0,0,w/d in unit
1346,950,2,2.0,1,1,1,0,0,0,w/d in unit
1175,730,1,1.0,1,1,1,0,0,0,w/d in unit
925,700,1,1.0,1,1,1,0,0,0,w/d in unit
1499,1221,2,0.0,1,1,1,0,0,0,no laundry on site
679,240,0,1.0,0,0,1,0,0,0,no laundry on site
925,700,1,1.0,1,1,1,0,0,0,w/d in unit
0,900,2,2.0,0,0,1,0,0,0,no laundry on site
1070,814,1,1.0,0,0,1,0,0,0,no laundry on site
1344,1199,3,2.0,1,1,1,0,0,0,w/d in unit
1520,1063,2,2.0,1,1,1,0,0,0,w/d in unit
1200,1000,2,2.0,1,1,1,0,0,0,w/d in unit
0,778,1,1.0,1,1,1,0,0,0,laundry on site
1171,911,2,2.0,0,1,1,0,0,0,laundry on site
1650,1188,3,2.0,1,1,0,0,0,0,w/d in unit
1180,770,1,0.0,0,0,1,0,0,0,w/d in unit
1095,800,2,2.0,1,1,0,0,0,0,laundry on site
940,675,1,1.0,1,1,1,0,0,0,w/d in unit
1200,940,2,2.0,1,1,1,0,0,0,w/d in unit
1200,940,2,2.0,1,1,1,0,0,0,w/d in unit
1200,1000,2,2.0,1,1,1,0,0,0,w/d in unit
1200,940,2,2.0,1,1,1,0,0,0,w/d in unit
1275,900,2,2.0,0,0,1,0,0,0,no laundry on site
800,500,0,1.0,1,1,1,0,0,0,w/d in unit
973,586,1,1.0,0,0,1,0,0,0,no laundry on site
800,500,0,1.0,1,1,1,0,0,0,w/d in unit
1209,900,2,2.0,0,0,1,0,0,0,no laundry on site
800,500,0,1.0,1,1,1,0,0,0,w/d in unit
1199,745,1,1.0,0,0,1,0,0,0,no laundry on site
1248,938,2,2.0,1,1,1,1,0,0,w/d in unit
1337,970,2,2.0,1,1,1,0,0,0,w/d in unit
1095,1000,2,2.0,1,1,0,0,0,0,w/d in unit
0,778,2,1.0,1,1,1,0,0,0,laundry on site
1190,1006,2,2.0,0,0,1,0,0,0,w/d in unit
1220,868,1,1.0,0,0,1,0,0,0,no laundry on site
975,926,2,2.0,0,0,1,0,0,0,no laundry on site
1199,910,1,1.0,1,1,1,0,0,0,w/d in unit
1438,1006,2,2.0,0,0,1,0,0,0,no laundry on site
1190,797,1,1.0,1,1,1,0,0,0,w/d in unit
1305,1067,2,2.0,0,0,1,0,0,0,no laundry on site
1146,950,2,2.0,0,0,1,0,0,0,no laundry on site
955,694,1,1.0,1,1,1,0,0,0,w/d in unit
1030,946,2,1.0,1,1,1,0,0,0,w/d in unit
2036,982,2,2.0,1,1,1,0,0,0,w/d in unit
1400,769,1,1.0,1,1,1,0,0,0,w/d in unit
1403,770,1,1.0,1,1,0,0,0,0,w/d in unit
975,926,2,2.0,0,0,1,0,0,0,no laundry on site
1441,1208,2,2.0,1,1,1,0,0,0,w/d in unit
725,590,1,1.0,1,1,1,0,0,0,laundry on site
1085,667,1,1.0,1,1,1,0,0,0,w/d in unit
1160,902,2,2.0,1,1,1,0,0,0,w/d in unit
912,833,1,1.0,1,1,1,0,0,0,w/d in unit
1115,1144,2,2.0,1,1,1,0,0,0,w/d in unit
0,778,2,2.0,1,1,1,0,0,0,laundry on site
795,491,0,1.0,1,1,1,0,0,0,w/d in unit
685,569,1,1.0,1,1,1,0,0,0,w/d in unit
1520,1146,3,2.0,1,1,1,0,0,0,no laundry on site
1301,1003,2,2.0,1,1,0,0,0,0,w/d in unit
1425,1213,2,2.0,1,0,0,0,0,0,no laundry on site
1535,1253,2,2.0,1,1,1,0,0,0,w/d in unit
1677,1098,2,2.0,0,0,1,0,0,0,w/d in unit
785,502,0,1.0,1,1,1,0,0,0,w/d in unit
1212,916,2,2.0,1,1,1,0,0,0,no laundry on site
975,863,2,1.0,1,1,1,0,0,0,w/d in unit
0,778,2,2.0,1,1,1,0,0,0,laundry in bldg
1423,988,2,2.0,0,0,1,0,0,0,no laundry on site
1095,1295,2,2.0,1,1,1,0,0,0,w/d in unit
1773,1133,3,2.0,1,1,1,0,0,0,w/d in unit
1389,1205,2,2.0,1,1,1,0,0,0,w/d in unit
1330,503,0,1.0,1,1,0,1,0,1,w/d in unit
1105,605,1,1.0,1,1,0,0,0,0,laundry on site
1400,1050,2,2.0,1,1,1,0,0,0,laundry on site
1648,1133,3,2.0,1,1,1,0,0,0,w/d in unit
1130,811,1,1.0,1,1,1,0,0,0,w/d in unit
1035,550,1,1.0,1,1,1,0,0,0,no laundry on site
1183,805,2,2.0,1,1,1,0,0,0,laundry on site
799,600,1,1.0,1,1,1,0,0,0,laundry on site
1089,771,1,1.0,0,0,1,0,0,0,no laundry on site
845,550,1,1.0,1,1,1,0,0,0,laundry on site
1105,605,1,1.0,1,1,0,0,0,0,w/d in unit
219,300,0,1.0,1,1,0,1,0,1,no laundry on site
845,702,2,1.0,1,1,1,0,0,0,w/d in unit
1431,971,2,2.0,1,1,1,0,0,0,w/d in unit
749,555,1,1.0,0,0,1,0,0,0,no laundry on site
792,375,0,1.0,1,1,1,0,0,1,laundry on site
1246,900,2,2.0,0,0,1,0,0,0,no laundry on site
875,636,2,1.0,1,1,1,0,0,0,no laundry on site
695,475,0,1.0,1,1,1,0,0,0,no laundry on site
665,329,0,1.0,1,1,1,0,0,0,no laundry on site
0,778,1,1.0,1,1,1,0,0,0,laundry on site
920,853,2,1.0,1,1,1,0,0,0,no laundry on site
981,540,1,1.0,1,1,1,0,0,1,laundry on site
706,555,1,1.0,0,0,1,0,0,0,no laundry on site
850,650,2,2.0,1,1,1,1,0,0,laundry on site
795,491,1,1.0,1,1,1,0,0,0,no laundry on site
955,900,2,2.0,1,1,1,0,0,0,laundry on site
845,720,1,1.0,0,0,1,0,0,0,w/d in unit
1205,970,2,2.0,1,1,1,0,0,0,w/d in unit
979,991,2,2.0,1,1,1,0,0,0,w/d in unit
1340,970,2,0.0,1,1,1,0,0,0,w/d in unit
1200,900,2,2.0,1,1,1,0,0,0,w/d in unit
1301,1042,2,2.0,0,0,1,0,0,0,no laundry on site
1451,978,2,2.0,1,1,1,0,0,0,laundry on site
856,418,0,1.0,0,0,1,0,0,0,no laundry on site
733,455,0,1.0,0,0,1,0,0,0,no laundry on site
1250,960,2,2.0,1,1,1,0,0,0,w/d in unit
1084,800,1,1.0,0,0,1,0,0,0,no laundry on site
1605,1107,3,2.0,1,1,1,0,0,0,no laundry on site
1411,967,2,2.0,1,1,1,0,0,0,w/d in unit
1278,1190,2,2.0,0,0,1,0,0,0,no laundry on site
1900,1257,3,2.0,1,1,1,0,0,0,w/d in unit
1325,1204,3,2.0,1,1,0,0,0,0,no laundry on site
940,640,1,1.0,1,1,1,0,0,0,laundry on site
849,470,0,1.0,0,0,1,0,0,0,no laundry on site
1074,716,1,1.0,1,1,1,0,0,0,w/d in unit
1540,1112,2,2.0,1,1,1,0,0,0,w/d in unit
1204,805,2,2.0,1,1,1,0,0,0,laundry on site
1192,741,1,1.0,1,1,1,0,0,0,laundry on site
1005,800,1,1.0,1,1,1,0,0,0,w/d in unit
1052,779,2,1.0,0,0,1,0,0,0,no laundry on site
1170,1107,2,2.0,0,0,1,0,0,0,no laundry on site
1100,476,0,1.0,1,1,1,0,0,0,w/d in unit
1262,772,1,1.0,1,1,1,1,0,0,w/d in unit
1140,900,2,2.0,1,1,1,0,0,0,w/d in unit
1485,1382,3,2.0,1,1,1,0,0,0,w/d in unit
1065,720,1,1.0,1,1,1,0,0,0,w/d in unit
830,336,0,1.0,1,1,1,0,0,0,no laundry on site
1510,2,2,2.0,1,1,1,0,0,0,w/d in unit
1178,676,1,1.0,1,1,1,0,0,0,w/d in unit
920,730,1,1.0,1,1,1,0,0,0,w/d in unit
1070,814,1,1.0,0,0,1,0,0,0,no laundry on site
850,600,1,1.0,1,1,1,0,0,0,laundry on site
1150,934,2,2.0,0,0,1,0,0,0,w/d in unit
875,555,1,1.0,1,1,1,0,0,0,laundry in bldg
1396,983,2,2.0,0,0,1,0,0,0,no laundry on site
1019,964,2,2.0,0,1,1,0,0,0,w/d in unit
679,240,0,1.0,0,0,1,0,0,0,no laundry on site
1297,1078,2,2.0,0,0,1,0,0,0,no laundry on site
773,676,1,1.0,0,0,1,0,0,0,no laundry on site
955,900,2,2.0,1,1,1,0,0,0,laundry on site
1145,1008,2,1.0,1,1,1,0,0,0,laundry on site
1403,1050,2,2.0,0,0,1,0,0,0,no laundry on site
994,900,2,2.0,0,0,1,0,0,0,no laundry on site
1150,961,2,2.0,1,1,1,0,0,0,w/d in unit
920,456,1,1.0,0,0,1,0,0,0,no laundry on site
1438,1006,2,2.0,0,0,1,0,0,0,no laundry on site
1678,1069,3,2.0,1,1,1,0,0,0,w/d in unit
1169,341,0,1.0,1,1,0,1,0,0,w/d in unit
1250,941,2,2.0,1,1,1,0,0,0,laundry on site
850,600,1,1.0,1,1,1,0,0,0,laundry on site
1092,825,1,1.0,0,0,1,0,0,0,no laundry on site
905,660,1,1.0,0,0,1,0,0,0,no laundry on site
1204,979,2,2.0,1,1,1,0,0,0,w/d in unit
2750,650,1,1.0,1,1,0,0,0,1,no laundry on site
1285,1013,2,2.0,0,0,1,0,0,0,no laundry on site
985,658,1,1.0,1,1,1,0,0,0,w/d in unit
1105,605,1,1.0,1,1,0,0,0,0,w/d in unit
1459,1068,2,2.0,1,1,1,0,0,0,w/d in unit
1034,771,2,1.0,1,1,1,0,0,0,laundry on site
1425,846,2,2.0,0,0,1,0,0,0,no laundry on site
1,1382,2,2.5,1,1,1,0,0,0,w/d in unit
1355,1088,2,1.0,1,1,1,0,0,0,w/d in unit
1299,1043,2,2.0,1,1,1,0,0,0,w/d in unit
1140,710,1,1.0,1,1,1,0,0,0,w/d in unit
1065,790,1,1.0,1,1,1,1,0,0,w/d in unit
1250,960,2,2.0,1,1,1,0,0,0,w/d in unit
1150,841,2,2.0,1,1,1,0,0,0,w/d in unit
1453,1006,2,2.0,1,1,1,0,0,0,w/d in unit
1157,1152,2,2.0,1,1,1,0,0,0,w/d in unit
1050,680,1,1.0,0,0,1,0,0,0,no laundry on site
1067,942,2,2.0,1,1,1,0,0,0,w/d in unit
1070,814,1,1.0,0,0,1,0,0,0,no laundry on site
1054,670,1,1.0,1,1,1,0,0,0,no laundry on site
951,800,1,1.0,1,1,1,0,0,0,w/d in unit
1085,731,1,1.0,1,1,1,0,0,0,w/d in unit
1227,961,2,2.0,1,1,1,0,0,0,no laundry on site
1049,670,1,1.0,1,1,1,0,0,0,no laundry on site
1385,1006,2,2.0,0,0,1,0,0,0,no laundry on site
1178,676,1,1.0,1,1,1,0,0,0,w/d in unit
1475,1218,2,2.0,1,1,0,0,0,0,w/d in unit
960,703,2,1.0,1,1,0,1,0,1,w/d in unit
1085,1325,2,2.0,1,1,1,0,0,0,w/d in unit
1000,812,1,1.0,1,1,1,0,0,0,w/d in unit
1085,731,1,1.0,1,1,1,0,0,0,w/d in unit
1325,828,1,1.0,1,1,1,1,0,0,w/d in unit
1438,1006,2,2.0,0,0,1,0,0,0,no laundry on site
1000,876,3,1.0,1,1,1,0,0,0,laundry on site
1010,684,1,1.0,1,1,1,0,0,0,w/d in unit
955,900,2,2.0,1,1,1,0,0,0,laundry on site
1370,778,2,1.0,1,1,1,0,0,0,w/d in unit
979,864,2,2.0,1,1,1,0,0,0,laundry on site
795,491,0,1.0,1,1,1,0,0,0,w/d in unit
1055,602,1,1.0,0,0,1,0,0,0,w/d in unit
2750,650,1,1.0,1,1,0,0,0,1,no laundry on site
1282,988,2,2.0,1,1,1,0,0,0,no laundry on site
870,570,1,1.0,0,0,1,0,0,0,no laundry on site
1059,660,1,1.0,1,1,1,0,0,0,no laundry on site
1305,948,2,2.0,1,1,1,0,0,0,w/d in unit
1255,1200,3,2.0,1,1,0,0,0,0,w/d in unit
790,540,1,1.0,1,1,1,0,0,0,laundry on site
1000,876,3,1.0,1,1,1,0,0,0,laundry on site
825,767,2,1.0,1,1,1,0,0,0,laundry on site
1605,1107,3,2.0,1,1,1,0,0,0,no laundry on site
1139,570,1,1.0,0,0,1,0,0,0,w/d in unit
1380,1058,2,2.0,1,1,0,0,0,0,w/d in unit
1075,965,2,2.0,1,1,1,0,0,0,w/d in unit
940,675,1,1.0,1,1,1,0,0,0,w/d in unit
1000,876,3,1.0,1,1,1,0,0,0,laundry on site
1227,882,1,1.0,1,1,1,0,0,0,w/d in unit
1065,790,1,1.0,1,1,1,1,0,0,w/d in unit
1276,1003,2,2.0,1,1,0,0,0,0,no laundry on site
899,720,2,1.0,1,1,1,0,0,0,w/d in unit
1353,997,2,2.0,1,1,1,0,0,0,w/d in unit
1225,940,2,2.0,1,1,1,0,0,0,w/d in unit
1155,625,1,1.0,1,1,1,0,0,0,w/d in unit
825,767,2,1.0,1,1,1,0,0,0,laundry on site
1115,857,2,2.0,1,1,1,0,0,0,w/d in unit
940,675,1,1.0,1,1,1,0,0,0,w/d in unit
1089,660,1,1.0,1,1,1,0,0,0,no laundry on site
1387,961,2,2.0,1,1,1,0,0,0,no laundry on site
1699,1244,3,2.0,0,0,1,0,0,0,no laundry on site
850,600,1,1.0,1,1,1,0,0,0,laundry on site
1035,683,1,1.0,0,0,1,0,0,0,no laundry on site
1150,1040,2,2.0,1,1,1,0,0,0,w/d in unit
1225,940,2,2.0,1,1,1,0,0,0,w/d in unit
940,675,1,1.0,1,1,1,0,0,0,w/d in unit
1226,996,2,2.0,1,1,0,1,0,0,w/d in unit
1441,960,2,0.0,1,1,1,0,0,0,no laundry on site
905,672,1,1.0,1,1,1,0,0,0,laundry on site
1065,1009,2,2.0,1,1,1,0,0,0,w/d in unit
1225,940,2,2.0,1,1,1,0,0,0,w/d in unit
1000,876,3,1.0,1,1,1,0,0,0,laundry on site
1599,978,2,2.0,0,0,1,0,0,0,no laundry on site
1049,600,1,1.0,0,0,1,0,0,0,no laundry on site
1175,730,1,1.0,1,1,1,0,0,0,w/d in unit
1438,1006,2,2.0,1,1,1,0,0,0,w/d in unit
1275,772,1,1.0,1,1,1,1,0,0,w/d in unit
955,900,2,2.0,1,1,1,0,0,0,laundry on site
870,570,1,1.0,1,1,1,0,0,0,laundry on site
1040,1068,2,2.0,1,1,1,0,0,0,w/d in unit
1310,1000,2,2.0,1,1,1,0,0,0,w/d in unit
1535,1048,2,2.0,0,0,1,0,0,0,no laundry on site
1333,728,1,1.0,1,1,1,0,0,0,w/d in unit
1270,880,2,2.0,1,1,1,0,0,0,w/d in unit
0,778,2,1.0,1,1,1,0,0,0,laundry in bldg
1339,965,2,2.0,0,0,1,0,0,0,no laundry on site
2995,1196,3,2.0,1,1,1,1,1,0,w/d in unit
2320,1300,2,2.0,0,0,1,0,0,0,w/d in unit
850,600,1,1.0,1,1,1,0,0,0,laundry on site
1335,1077,2,2.0,1,1,1,0,0,0,w/d in unit
1359,1067,2,2.0,0,0,1,0,0,0,no laundry on site
1340,983,2,2.0,0,0,1,0,0,0,no laundry on site
917,436,0,1.0,0,0,1,0,0,0,no laundry on site
933,550,1,1.0,1,1,1,0,0,0,no laundry on site
1384,1167,2,2.0,1,1,0,0,0,0,w/d in unit
1605,1201,3,2.0,1,1,1,0,0,0,w/d in unit
1308,958,2,2.0,1,1,1,0,0,0,w/d in unit
1160,754,1,1.0,1,1,1,0,0,0,w/d in unit
1043,732,1,1.0,0,0,1,0,0,0,no laundry on site
915,550,1,1.0,0,0,1,0,0,0,no laundry on site
1334,1062,2,2.0,0,0,1,0,0,0,w/d in unit
1176,746,1,1.0,0,0,1,0,0,0,no laundry on site
1230,1076,3,2.0,1,1,0,0,0,0,w/d in unit
1200,728,1,1.0,1,1,1,1,0,0,w/d in unit
1295,861,2,2.0,1,1,1,0,0,0,w/d in unit
1320,1000,2,2.0,0,0,1,0,0,0,no laundry on site
1347,686,1,1.0,1,1,1,0,0,0,w/d in unit
790,672,1,1.0,1,1,1,0,0,0,laundry on site
1658,1205,2,2.0,1,1,1,0,0,0,w/d in unit
804,579,1,1.0,0,0,1,0,0,0,no laundry on site
1264,856,1,1.0,1,1,1,0,0,0,w/d in unit
1180,755,2,1.0,1,1,0,0,0,0,laundry on site
1605,1399,3,2.0,1,1,1,0,0,0,w/d in unit
1598,1239,3,2.0,0,0,1,0,0,0,no laundry on site
1369,1078,2,2.0,0,0,1,0,0,0,no laundry on site
0,900,2,2.0,0,0,1,0,0,0,no laundry on site
1050,1014,2,2.0,1,1,1,0,0,0,w/d in unit
1370,1037,2,2.0,1,1,0,0,0,0,no laundry on site
1374,1078,2,2.0,0,0,1,0,0,0,no laundry on site
1250,1000,2,2.0,1,1,1,0,0,0,laundry on site
1359,1078,2,2.0,0,0,1,0,0,0,no laundry on site
1400,1180,2,2.0,1,1,1,0,0,0,w/d in unit
990,640,1,1.0,1,1,1,0,0,0,w/d in unit
1095,1385,2,2.0,1,1,1,0,0,0,w/d in unit
1555,1110,3,2.0,1,1,1,0,0,0,w/d in unit
975,926,2,2.0,0,0,1,0,0,0,no laundry on site
1025,580,1,1.0,1,1,1,0,0,0,laundry on site
850,624,1,1.0,1,1,1,0,0,0,w/d in unit
1107,852,1,1.0,0,0,1,0,0,0,no laundry on site
875,900,2,1.0,0,0,1,0,0,0,no laundry on site
1534,1248,3,2.0,1,1,1,0,0,0,w/d in unit
2200,2065,3,2.0,0,0,1,0,0,0,no laundry on site
1329,911,2,2.0,1,1,1,0,0,0,w/d in unit
1309,727,2,1.0,1,1,1,0,0,0,laundry on site
1290,796,1,1.0,1,1,1,0,0,0,w/d in unit
1098,870,2,2.0,0,0,1,0,0,0,no laundry on site
1065,893,2,2.0,1,1,1,0,0,0,w/d in unit
1381,1183,3,2.0,1,1,1,0,0,0,w/d in unit
268,300,0,1.0,1,1,0,1,0,1,laundry on site
1233,999,2,2.0,0,0,1,0,0,0,no laundry on site
1130,1049,2,2.0,1,1,1,0,0,0,w/d in unit
1111,560,1,1.0,1,1,1,0,0,0,w/d in unit
1103,998,2,2.0,1,1,1,0,0,0,w/d in unit
1196,715,1,1.0,1,1,1,0,0,0,w/d in unit
775,550,1,1.0,1,1,1,1,0,0,laundry on site
1304,937,2,2.0,1,1,1,1,0,0,w/d in unit
1893,1322,3,2.0,1,1,1,0,0,0,w/d in unit
1390,1385,3,2.0,1,1,1,0,0,0,w/d in unit
1004,707,1,1.0,1,1,1,0,0,0,w/d in unit
1190,1198,2,2.0,1,1,1,0,0,0,w/d in unit
1372,700,1,1.0,0,0,1,0,0,0,w/d in unit
1300,950,1,1.0,1,1,1,0,0,0,w/d in unit
1533,1322,2,2.0,1,1,1,0,0,0,w/d in unit
1290,1006,2,2.0,1,1,1,0,0,0,laundry on site
1315,704,1,1.0,1,1,1,1,0,0,w/d in unit
1994,1182,3,2.0,1,1,1,0,0,0,laundry on site
1381,900,2,2.0,0,0,1,0,0,0,w/d in unit
1358,1076,2,2.0,1,1,1,0,0,0,w/d in unit
920,853,2,1.0,1,1,1,0,0,0,no laundry on site
1102,783,1,1.0,1,1,1,0,0,0,w/d in unit
795,491,1,1.0,1,1,1,0,0,0,no laundry on site
695,475,0,1.0,1,1,1,0,0,0,no laundry on site
1688,1026,2,2.0,1,1,1,0,0,0,w/d in unit
1437,1077,2,2.0,1,1,1,1,0,0,w/d in unit
875,636,2,1.0,1,1,1,0,0,0,no laundry on site
1242,821,0,1.0,1,1,1,0,0,0,w/d in unit
1130,795,1,1.0,1,1,1,1,0,0,w/d in unit
1308,980,2,2.0,0,0,1,0,0,0,no laundry on site
1345,698,1,1.0,1,1,1,0,0,0,w/d in unit
1092,700,1,1.0,0,0,1,0,0,0,w/d in unit
915,630,1,1.0,1,1,1,0,0,0,laundry on site
1214,758,1,1.0,1,1,1,1,0,0,w/d in unit
2450,1100,2,2.0,1,1,1,0,0,0,w/d in unit
925,475,0,1.0,1,1,1,0,0,0,laundry on site
1304,937,2,2.0,1,1,1,1,0,0,w/d in unit
1139,570,1,1.0,0,0,1,0,0,0,w/d in unit
2195,1374,3,2.0,1,1,1,0,1,0,w/d in unit
647,1159,2,2.0,0,0,1,0,0,0,w/d in unit
1589,1293,3,2.0,0,0,1,0,0,0,no laundry on site
2222,1345,3,2.0,1,1,1,0,0,0,w/d in unit
802,625,1,1.0,1,1,1,0,0,0,w/d in unit
1043,810,2,2.0,0,0,1,0,0,0,no laundry on site
1025,580,1,1.0,1,1,1,0,0,0,laundry on site
1744,830,1,1.5,1,1,1,0,0,0,w/d in unit
830,336,0,1.0,0,0,1,0,0,0,no laundry on site
1225,1068,2,2.0,1,1,1,0,0,0,w/d in unit
1245,635,1,1.0,0,0,1,0,0,0,no laundry on site
1658,1205,2,2.0,1,1,1,0,0,0,w/d in unit
1205,925,2,1.0,0,0,1,0,0,0,no laundry on site
975,707,1,1.0,1,1,1,0,0,0,w/d in unit
1815,1378,3,2.0,1,1,1,0,0,0,w/d in unit
1490,1100,2,2.0,1,1,1,0,0,0,w/d in unit
1200,708,1,1.0,1,1,1,0,0,0,w/d in unit
1131,810,1,1.0,1,1,1,0,0,0,w/d in unit
1530,1107,3,2.0,1,1,1,0,0,0,no laundry on site
885,650,1,1.0,0,0,1,0,0,0,no laundry on site
1229,1137,2,2.0,0,0,1,0,0,0,no laundry on site
1209,900,2,2.0,0,0,1,0,0,0,no laundry on site
1040,1068,2,2.0,1,1,1,0,0,0,w/d in unit
855,456,1,1.0,0,0,1,0,0,0,no laundry on site
905,650,1,1.0,1,1,1,0,0,0,w/d in unit
1510,1213,2,2.0,1,1,1,0,0,0,w/d in unit
1357,1197,2,2.0,1,1,1,0,0,0,w/d in unit
1625,1421,3,2.0,0,0,1,0,0,0,no laundry on site
1677,1069,3,2.0,1,1,1,0,0,0,w/d in unit
1579,1087,2,2.0,1,0,1,0,0,0,w/d in unit
1215,708,1,1.0,1,1,1,0,0,0,w/d in unit
1180,921,2,2.0,1,1,1,0,0,0,laundry on site
1065,1100,2,2.0,1,1,1,0,0,0,w/d in unit
1035,550,1,1.0,1,1,1,0,0,0,no laundry on site
1250,1123,2,2.0,1,1,0,0,0,0,w/d in unit
1120,865,2,2.0,1,1,1,0,0,0,laundry on site
985,695,1,1.0,1,1,1,0,0,0,w/d in unit
1310,1000,2,2.0,1,1,1,0,0,0,w/d in unit
2110,1353,3,2.0,1,1,0,0,0,0,w/d in unit
1485,1263,2,2.5,1,1,1,0,0,0,w/d in unit
1981,773,1,1.0,1,1,1,0,0,0,w/d in unit
1054,800,2,2.0,1,1,1,0,0,0,w/d in unit
1050,895,1,1.5,1,1,1,0,0,0,w/d in unit
1444,1040,2,1.0,1,1,1,0,0,0,w/d in unit
1268,940,1,1.0,1,1,1,0,0,0,w/d in unit
920,428,1,1.0,1,1,0,0,0,0,laundry on site
1500,1100,2,2.0,1,1,1,0,0,0,w/d in unit
1465,1314,2,2.5,1,1,1,0,0,0,w/d in unit
925,670,1,1.0,0,0,1,0,0,0,no laundry on site
905,660,1,1.0,0,0,1,0,0,0,no laundry on site
1285,858,1,1.0,1,1,1,0,0,0,w/d in unit
1388,988,2,2.0,1,1,1,0,0,0,w/d in unit
1475,961,1,1.0,1,0,0,0,0,0,no laundry on site
2571,1230,2,2.0,1,1,1,0,0,0,w/d in unit
1163,938,2,2.0,1,1,1,1,0,1,w/d in unit
1699,1481,3,2.0,1,1,1,0,0,0,w/d in unit
1530,1352,3,2.0,1,1,1,0,0,0,w/d in unit
2345,1344,3,2.0,1,1,1,0,0,0,w/d in unit
1355,635,1,1.0,1,1,1,0,0,0,w/d in unit
915,658,1,1.0,1,1,1,0,0,0,w/d in unit
1085,1000,2,1.0,1,1,1,0,0,0,w/d in unit
1810,1156,2,2.0,1,1,1,0,0,0,w/d in unit
1655,855,1,1.0,1,1,1,0,0,0,w/d in unit
2288,1345,3,2.0,1,1,1,0,0,0,w/d in unit
1184,783,1,1.0,1,1,1,0,0,0,w/d in unit
1050,1096,3,1.5,1,1,1,0,0,0,laundry on site
1405,635,1,1.0,1,1,1,0,0,0,w/d in unit
1780,855,1,1.0,1,1,1,0,0,0,w/d in unit
1330,818,2,2.0,1,1,0,0,0,0,laundry on site
1260,996,2,2.0,1,1,0,0,0,0,w/d in unit
1310,1000,2,2.0,1,1,1,0,0,0,w/d in unit
1599,1221,2,2.0,1,1,1,0,0,0,w/d in unit
905,660,1,1.0,1,1,1,0,0,0,laundry on site
1310,915,2,1.0,1,1,1,0,0,0,w/d in unit
1065,840,2,1.0,0,0,1,0,0,0,w/d in unit
269,395,1,1.0,1,1,1,0,0,1,laundry on site
1792,1469,3,2.0,1,1,1,0,0,0,w/d in unit
1240,930,2,1.0,1,1,1,0,0,0,w/d in unit
980,900,2,2.0,1,1,1,0,0,0,w/d in unit
1050,895,1,1.5,1,1,1,0,0,0,w/d in unit
1355,635,1,1.0,1,1,1,0,0,0,w/d in unit
1000,864,2,1.0,1,1,1,0,0,0,w/d in unit
1204,952,2,2.0,1,1,1,0,0,0,laundry on site
1169,381,0,1.0,0,0,0,0,0,0,no laundry on site
1630,1221,2,2.0,1,1,1,0,0,0,w/d in unit
1349,588,0,1.0,1,1,1,0,0,0,w/d in unit
1178,676,1,1.0,1,1,1,0,0,0,w/d in unit
1237,975,2,2.0,0,0,1,0,0,0,no laundry on site
1050,800,1,1.0,1,1,1,0,0,0,w/d in unit
1250,1250,3,2.0,0,0,1,0,0,0,no laundry on site
935,720,1,1.0,0,0,1,0,0,0,w/d in unit
1050,800,1,1.0,1,1,1,0,0,0,w/d in unit
925,525,1,1.0,1,1,0,0,0,0,w/d in unit
1335,693,1,1.0,1,1,0,1,0,0,w/d in unit
904,600,1,1.0,1,1,1,0,0,0,w/d in unit
1262,707,1,1.0,1,1,1,0,0,0,w/d in unit
1089,920,2,2.0,0,0,1,0,0,0,no laundry on site
1050,800,1,1.0,1,1,1,0,0,0,w/d in unit
1065,893,2,2.0,1,1,1,0,0,0,w/d in unit
1050,800,1,1.0,1,1,1,0,0,0,w/d hookups
1085,1365,2,2.0,1,1,1,0,0,0,w/d in unit
679,240,0,1.0,0,0,1,0,0,0,no laundry on site
1120,950,2,2.0,0,0,1,0,0,0,laundry on site
1022,1022,2,2.0,1,1,1,0,0,0,w/d in unit
1451,978,2,2.0,1,1,1,0,0,0,laundry on site
1195,840,2,1.0,0,0,1,0,0,0,no laundry on site
940,730,1,1.0,1,1,1,0,0,0,w/d in unit
1345,698,1,1.0,1,1,1,0,0,0,w/d in unit
1140,1107,2,2.0,0,0,1,0,0,0,no laundry on site
1105,605,1,1.0,1,1,0,0,0,0,w/d in unit
1377,1167,2,2.0,0,0,1,0,0,0,no laundry on site
1293,1060,2,2.0,1,1,0,0,0,0,w/d in unit
1185,688,1,1.0,1,1,1,0,0,0,w/d in unit
1488,1109,2,2.0,1,1,1,0,0,0,no laundry on site
1520,1063,2,2.0,1,1,1,0,0,0,w/d in unit
1588,1147,3,2.0,1,1,1,0,0,0,w/d in unit
1205,840,2,1.0,1,1,1,0,0,0,laundry on site
1075,895,2,2.0,1,1,1,0,0,0,laundry on site
2657,1374,3,2.0,1,1,1,0,0,0,w/d in unit
1391,882,2,2.0,1,1,1,0,0,0,w/d in unit
1175,960,2,2.0,1,1,1,0,0,0,w/d in unit
1200,803,1,1.0,1,1,1,0,0,0,w/d in unit
1128,908,1,1.0,1,1,1,0,0,0,w/d in unit
1270,893,2,1.0,1,1,1,0,0,0,w/d in unit
1225,1068,2,2.0,1,1,1,0,0,0,w/d in unit
1160,850,2,1.5,0,0,1,0,0,0,no laundry on site
1075,895,2,2.0,1,1,1,0,0,0,laundry on site
1330,1147,2,2.0,1,1,1,0,0,0,w/d in unit
899,825,2,1.0,1,1,1,0,0,0,laundry on site
875,580,0,1.0,1,1,1,0,0,0,laundry on site
1035,580,1,1.0,1,1,1,0,0,0,laundry on site
1195,840,2,1.0,0,0,1,0,0,0,no laundry on site
975,780,1,1.0,1,1,1,0,0,0,laundry on site
278,300,0,1.0,1,1,0,0,0,1,laundry on site
1034,771,2,1.0,1,1,1,0,0,0,laundry on site
1385,765,1,1.0,1,1,1,0,0,0,w/d in unit
1075,895,2,2.0,1,1,1,0,0,0,laundry on site
1599,978,2,2.0,0,0,1,0,0,0,no laundry on site
1075,895,2,2.0,1,1,1,0,0,0,laundry on site
269,395,1,1.0,0,0,1,0,0,0,laundry on site
795,491,0,1.0,1,1,1,0,0,0,w/d in unit
1075,895,2,2.0,1,1,1,0,0,0,laundry on site
1067,660,1,1.0,1,1,1,0,0,0,no laundry on site
1181,746,1,1.0,0,0,1,0,0,0,no laundry on site
1200,735,1,1.0,1,1,1,0,0,0,w/d in unit
945,702,1,1.0,1,1,1,0,0,0,w/d in unit
1140,900,2,2.0,1,1,1,0,0,0,w/d in unit
899,612,1,1.0,1,1,1,0,0,0,w/d in unit
1994,1182,3,2.0,1,1,1,0,0,0,laundry on site
1287,765,1,1.0,0,0,1,0,0,0,no laundry on site
1381,1183,3,2.0,0,0,1,0,0,0,no laundry on site
1195,940,1,1.0,0,0,1,0,0,0,no laundry on site
900,750,1,1.0,1,1,1,0,0,0,w/d in unit
980,604,1,1.0,1,1,1,0,0,0,w/d in unit
900,760,2,1.0,1,1,1,1,0,0,w/d in unit
1035,720,1,1.0,0,0,1,0,0,0,no laundry on site
792,418,0,1.0,0,0,1,0,0,0,no laundry on site
1205,970,2,2.0,1,1,1,0,0,0,w/d in unit
950,819,2,1.0,1,1,1,0,0,0,w/d in unit
1250,960,2,2.0,1,1,1,0,0,0,w/d in unit
1190,1198,2,2.0,1,1,1,0,0,0,w/d in unit
1127,850,1,1.5,1,1,1,0,0,0,w/d in unit
1150,1040,2,2.0,1,1,1,0,0,0,w/d in unit
725,800,1,0.0,0,0,1,0,0,0,no laundry on site
1390,1385,3,2.0,1,1,1,0,0,0,w/d in unit
999,700,1,1.0,1,1,1,0,0,0,no laundry on site
1025,780,2,1.0,1,1,1,0,0,0,w/d in unit
1190,1198,2,2.0,1,1,1,0,0,0,w/d in unit
1495,1146,3,2.0,1,1,1,0,0,0,no laundry on site
1329,911,2,2.0,1,1,1,0,0,0,w/d in unit
840,525,1,1.0,1,1,1,0,0,0,laundry on site
1043,810,2,2.0,0,0,1,0,0,0,no laundry on site
1390,1385,3,2.0,1,1,1,0,0,0,w/d in unit
1301,1003,2,2.0,1,1,0,0,0,0,no laundry on site
1115,1144,2,2.0,1,1,1,0,0,0,w/d in unit
1094,605,1,1.0,1,1,1,0,0,0,laundry on site
1585,1063,2,2.0,1,1,1,0,0,0,w/d in unit
1411,1168,2,2.0,1,1,0,0,0,0,w/d in unit
1355,1088,2,1.0,1,1,1,0,0,0,w/d in unit
1545,1268,3,2.0,1,1,1,0,0,0,w/d in unit
1327,1204,3,2.0,1,1,0,1,0,0,w/d in unit
268,300,0,1.0,1,1,0,0,0,1,laundry on site
846,408,0,1.0,1,1,1,0,0,0,w/d in unit
1190,1198,2,2.0,1,1,1,0,0,0,w/d in unit
1344,943,2,1.5,1,1,1,0,0,0,w/d in unit
1035,600,1,1.0,1,1,0,0,0,0,laundry on site
1400,900,2,2.0,0,0,1,0,0,0,w/d in unit
1,1252,2,1.5,1,1,1,0,0,0,w/d in unit
900,950,2,2.0,1,1,0,0,0,0,no laundry on site
1418,1194,3,2.0,1,1,1,0,0,0,w/d in unit
1249,802,1,1.0,1,1,0,0,0,0,w/d in unit
1155,909,2,2.0,1,1,0,0,0,0,w/d in unit
1310,1000,2,2.0,1,1,1,0,0,0,w/d in unit
1115,857,2,2.0,1,1,1,0,0,0,w/d in unit
1015,650,2,2.0,1,1,1,1,0,0,w/d in unit
845,720,1,1.0,1,1,1,0,0,0,w/d in unit
1785,1241,2,2.0,1,1,1,0,0,0,w/d in unit
849,615,1,1.0,1,1,1,0,0,0,w/d hookups
1254,1152,3,2.0,1,1,1,0,0,0,w/d hookups
1122,838,2,1.0,1,1,1,0,0,0,w/d in unit
1120,769,1,1.0,1,1,1,0,0,0,w/d in unit
1372,1205,2,2.0,1,1,1,0,0,0,w/d in unit
1050,838,2,1.0,1,1,1,0,0,0,w/d in unit
1183,805,2,2.0,1,1,1,0,0,0,laundry on site
870,570,1,1.0,1,1,1,0,0,0,laundry on site
1230,1025,2,2.0,0,0,1,0,0,0,no laundry on site
915,782,1,1.0,1,1,1,0,0,0,w/d in unit
1000,738,1,1.0,1,1,1,0,0,0,w/d in unit
1040,1068,2,2.0,1,1,1,0,0,0,w/d in unit
955,608,1,1.0,1,1,1,0,0,0,w/d in unit
1305,1025,1,1.5,0,0,1,0,0,0,no laundry on site
1375,765,1,1.0,1,1,1,0,0,0,w/d in unit
0,500,1,1.0,0,0,1,0,0,0,laundry on site
1062,600,1,1.0,0,0,1,0,0,0,no laundry on site
1050,800,1,1.0,1,1,1,0,0,0,w/d in unit
740,459,1,1.0,1,1,1,0,0,0,laundry in bldg
1090,756,2,1.0,0,0,1,0,0,0,w/d in unit
1500,984,2,2.0,1,1,1,1,0,0,w/d in unit
890,782,1,1.0,1,1,1,0,0,0,w/d in unit
1503,1450,3,2.0,1,1,1,0,0,0,w/d in unit
1282,988,2,2.0,1,1,1,0,0,0,no laundry on site
850,624,1,1.0,1,1,1,0,0,0,laundry on site
773,676,1,1.0,0,0,1,0,0,0,no laundry on site
1280,1180,2,2.0,1,1,1,0,0,0,w/d in unit
920,564,1,1.0,1,1,1,0,0,0,laundry on site
1299,1043,2,2.0,1,1,1,0,0,0,w/d in unit
1000,785,2,1.0,1,1,1,1,0,0,no laundry on site
1525,965,2,2.0,0,0,1,0,0,0,no laundry on site
1354,765,1,1.0,1,1,1,0,0,0,w/d in unit
1320,1063,2,2.0,1,1,1,1,0,0,w/d in unit
494,1338,3,2.0,1,1,1,0,0,0,w/d in unit
1030,858,2,2.0,1,1,1,0,0,0,w/d in unit
920,729,1,1.0,1,1,1,0,0,0,w/d in unit
920,689,1,1.0,1,1,1,0,0,0,w/d in unit
1240,1004,2,2.0,1,1,1,0,0,0,w/d in unit
1348,1032,2,2.0,0,0,1,0,0,0,no laundry on site
760,400,0,1.0,1,1,1,0,0,0,laundry on site
1215,1004,2,2.0,1,1,1,0,0,0,w/d in unit
269,395,1,1.0,1,1,1,0,0,1,laundry on site
1255,1125,2,2.0,1,1,1,0,0,0,w/d in unit
1396,983,2,2.0,0,0,1,0,0,0,no laundry on site
1040,980,2,2.0,1,1,0,0,0,0,w/d in unit
1584,1000,2,2.0,0,0,1,0,0,0,no laundry on site
825,789,2,1.0,1,1,1,0,0,0,laundry on site
1405,779,1,1.0,0,0,1,0,0,0,no laundry on site
1249,910,1,1.0,1,1,1,0,0,0,w/d in unit
1137,925,2,1.0,0,0,1,0,0,0,no laundry on site
1166,902,2,2.0,1,1,1,0,0,0,w/d in unit
1141,865,2,1.0,1,1,1,0,0,0,no laundry on site
933,550,1,1.0,1,1,1,0,0,0,no laundry on site
1070,817,2,1.0,1,1,1,0,0,0,w/d in unit
880,678,1,1.0,1,1,1,0,0,0,laundry on site
1318,1152,2,2.0,0,0,1,0,0,0,no laundry on site
795,539,1,1.0,1,1,1,0,0,0,laundry on site
1055,919,2,1.5,1,1,1,0,0,0,w/d in unit
1175,874,2,1.0,1,1,1,0,0,0,w/d in unit
1095,1395,2,2.0,1,1,1,0,0,0,w/d in unit
2610,1652,2,2.0,1,1,1,0,0,0,w/d in unit
1276,1003,2,2.0,1,1,0,0,0,0,no laundry on site
1403,1180,2,2.0,1,1,1,0,0,0,w/d in unit
720,579,1,1.0,0,0,1,0,0,0,no laundry on site
1287,765,1,1.0,1,1,1,0,0,0,w/d in unit
1290,1006,2,2.0,1,1,1,0,0,0,laundry on site
219,300,0,1.0,1,1,0,1,0,1,laundry on site
1248,938,2,2.0,1,1,1,1,0,0,w/d in unit
1343,1152,2,2.0,1,1,1,0,0,0,w/d in unit
1159,870,1,1.0,1,1,0,0,0,0,w/d in unit
1300,685,1,1.0,1,1,1,0,0,0,w/d in unit
725,590,1,1.0,0,0,1,0,0,0,no laundry on site
0,650,1,1.0,0,0,1,0,0,0,no laundry on site
1090,893,2,2.0,1,1,1,0,0,0,w/d in unit
1019,964,2,2.0,1,1,1,0,0,0,w/d in unit
1106,782,1,1.0,0,0,1,0,0,0,no laundry on site
1040,1068,2,2.0,1,1,1,0,0,0,w/d in unit
1259,1067,2,2.0,0,0,1,0,0,0,no laundry on site
1400,1395,2,2.0,1,1,1,0,0,0,w/d in unit
1381,1183,3,2.0,1,1,1,0,0,0,w/d in unit
1145,726,1,1.0,1,1,0,0,0,0,no laundry on site
1330,1022,2,2.0,1,1,1,1,0,0,w/d in unit
1451,977,2,2.0,1,1,1,0,0,0,laundry on site
1335,693,1,1.0,1,1,0,1,0,0,w/d in unit
1065,1100,2,2.0,1,1,1,0,0,0,w/d in unit
1000,740,1,1.0,1,1,1,0,0,0,no laundry on site
1150,961,2,2.0,1,1,1,0,0,0,w/d in unit
1345,698,1,1.0,1,1,1,0,0,0,w/d in unit
1072,825,1,1.0,0,0,1,0,0,0,no laundry on site
1520,1063,2,2.0,1,1,1,0,0,0,w/d in unit
825,765,1,1.0,1,1,1,1,0,0,w/d in unit
1020,912,2,1.0,1,1,1,0,0,0,w/d in unit
1266,1120,2,1.5,1,1,1,0,0,0,w/d in unit
919,662,1,1.0,1,1,1,0,0,0,laundry on site
1025,570,1,1.0,1,1,1,0,0,0,w/d in unit
1329,911,2,2.0,1,1,1,0,0,0,w/d in unit
1615,1450,3,2.0,1,1,0,0,0,0,w/d in unit
1144,525,1,1.0,1,1,1,0,0,0,w/d in unit
1259,835,2,2.0,1,1,1,1,0,0,laundry on site
1190,952,2,2.0,1,1,1,0,0,0,w/d in unit
1073,800,1,1.0,0,0,1,0,0,0,no laundry on site
940,650,1,1.0,0,0,1,0,0,0,no laundry on site
1100,720,1,1.0,1,1,1,0,0,0,laundry on site
960,703,2,1.0,1,1,0,1,0,0,w/d in unit
1550,1419,3,2.0,1,1,1,0,0,0,w/d in unit
1780,1194,2,2.0,1,1,1,0,0,0,w/d in unit
679,240,0,1.0,0,0,1,0,0,0,no laundry on site
1130,1088,3,2.0,1,1,1,0,0,0,laundry on site
1981,773,1,1.0,1,1,1,0,0,0,w/d in unit
1505,916,1,1.0,1,1,1,0,0,0,w/d in unit
849,470,0,1.0,0,0,1,0,0,0,no laundry on site
1670,1550,4,2.0,1,1,1,0,0,0,w/d in unit
1263,900,2,2.0,1,1,1,0,0,0,w/d in unit
1170,797,1,1.0,1,1,1,0,0,0,w/d in unit
1400,1000,1,1.0,1,1,1,0,0,0,laundry on site
1227,961,2,2.0,1,1,1,0,0,0,no laundry on site
1005,700,1,1.0,0,0,1,0,0,0,no laundry on site
1062,916,2,2.0,0,0,1,0,0,0,no laundry on site
1430,894,1,1.0,1,1,0,0,0,0,w/d in unit
1370,916,1,1.0,1,1,1,0,0,0,w/d in unit
679,240,0,1.0,0,0,1,0,0,0,no laundry on site
1040,1068,2,2.0,1,1,1,0,0,0,w/d in unit
1388,988,2,2.0,1,1,1,0,0,0,w/d in unit
1192,799,1,1.0,1,1,1,0,0,0,w/d in unit
1610,1360,3,2.0,1,1,0,1,0,0,w/d in unit
1610,1360,3,2.0,1,1,0,1,0,0,w/d in unit
1610,1360,3,2.0,1,1,0,1,0,0,w/d in unit
1030,580,1,1.0,1,1,1,0,0,0,laundry on site
923,550,0,1.0,1,1,1,0,0,0,w/d in unit
975,950,2,2.0,0,0,1,0,0,0,laundry on site
1299,980,2,2.0,1,1,1,0,0,0,w/d in unit
1345,698,1,1.0,1,1,1,0,0,0,w/d in unit
1775,1225,2,2.0,1,1,0,0,0,0,w/d in unit
1150,850,2,1.0,0,0,0,0,0,0,laundry on site
1199,910,1,1.0,1,1,1,0,0,0,w/d in unit
1135,1037,2,2.0,1,1,1,0,0,0,w/d in unit
947,470,1,1.0,1,1,1,0,0,0,laundry on site
1595,1293,3,2.0,1,1,1,0,0,0,no laundry on site
1200,750,1,1.0,1,1,0,0,0,0,w/d in unit
1555,1110,3,2.0,1,1,1,0,0,0,w/d in unit
1144,825,1,1.0,1,1,1,0,0,0,w/d in unit
1183,805,2,2.0,1,1,1,0,0,0,laundry on site
269,395,1,1.0,1,1,1,0,0,1,laundry on site
905,317,0,1.0,1,1,1,0,0,0,laundry on site
1232,1144,2,2.0,0,0,1,0,0,0,no laundry on site
1625,1421,3,2.0,0,0,1,0,0,0,no laundry on site
1465,1042,2,2.0,1,1,1,0,0,0,w/d in unit
269,395,1,1.0,1,1,1,0,0,1,laundry on site
1685,1198,3,2.0,1,1,1,1,0,0,w/d in unit
1220,1157,2,2.0,1,1,1,0,0,0,w/d in unit
1385,934,2,1.5,1,1,1,0,0,0,w/d in unit
1325,800,2,1.0,1,1,1,0,0,0,w/d in unit
1589,1098,2,2.0,1,1,1,0,0,0,w/d in unit
1375,1135,2,2.0,1,1,1,0,0,0,w/d in unit
1405,995,2,2.0,1,1,1,0,0,0,w/d in unit
1295,1150,2,2.0,1,1,1,0,0,0,w/d in unit
1510,1122,2,2.0,1,1,1,0,0,0,w/d in unit
845,732,1,1.0,1,1,1,0,0,0,w/d in unit
1880,884,2,2.0,1,1,1,0,0,0,w/d in unit
1070,900,2,1.0,1,1,1,0,0,0,laundry on site
1180,830,2,2.0,0,0,1,0,0,0,w/d in unit
1095,775,2,1.0,1,1,1,0,0,0,w/d in unit
1417,1003,2,2.0,1,1,0,0,0,0,w/d in unit
268,300,0,1.0,1,1,0,0,0,1,laundry on site
1190,975,2,2.0,0,0,1,0,0,0,no laundry on site
1138,774,1,1.0,0,0,1,0,0,0,no laundry on site
1050,895,1,1.5,1,1,1,0,0,0,w/d in unit
1251,692,1,1.0,1,1,0,1,0,0,w/d in unit
269,395,1,1.0,1,1,1,0,0,1,laundry on site
914,720,1,1.0,1,1,1,0,0,0,w/d in unit
1375,1050,2,2.0,1,1,1,0,0,0,w/d in unit
1080,678,1,1.0,1,1,1,0,0,0,w/d in unit
1467,977,2,2.0,1,1,1,0,0,0,laundry on site
880,678,1,1.0,1,1,1,0,0,0,laundry on site
1135,747,1,1.0,1,1,1,0,0,0,laundry on site
979,650,2,1.0,1,1,1,0,0,0,laundry on site
1124,893,2,2.0,1,1,1,0,0,0,w/d in unit
1172,893,2,2.0,1,1,1,0,0,0,w/d in unit
885,625,1,1.0,1,1,1,0,0,0,w/d in unit
989,750,1,1.0,0,0,1,0,0,0,no laundry on site
1460,1450,3,2.0,1,1,1,0,0,0,w/d in unit
1589,1239,3,2.0,0,0,1,0,0,0,no laundry on site
1330,716,1,1.0,0,0,1,0,0,0,no laundry on site
915,782,1,1.0,0,0,1,0,0,0,no laundry on site
1270,1163,2,2.0,1,1,1,0,0,0,w/d in unit
1360,787,1,1.0,1,1,1,1,0,0,w/d in unit
1140,899,1,1.0,1,1,1,0,0,0,w/d in unit
679,240,0,1.0,0,0,1,0,0,0,no laundry on site
1088,856,2,2.0,1,1,1,0,0,0,w/d in unit
865,702,2,1.0,1,1,1,0,0,0,w/d in unit
1198,665,1,1.0,0,0,1,0,0,0,no laundry on site
925,721,1,1.0,0,0,1,0,0,0,no laundry on site
1068,732,1,1.0,1,1,1,0,0,0,w/d in unit
1459,839,1,1.0,1,0,1,0,0,0,w/d in unit
1079,850,2,1.0,1,1,1,0,0,0,laundry on site
1270,1025,2,2.0,0,0,1,0,0,0,no laundry on site
1070,742,1,1.0,1,1,0,1,0,0,w/d in unit
1034,771,2,1.0,1,1,1,0,0,0,laundry on site
1514,903,2,2.0,1,1,1,0,0,0,w/d in unit
1308,980,2,2.0,0,0,1,0,0,0,no laundry on site
1589,1293,3,2.0,0,0,1,0,0,0,no laundry on site
1062,670,1,1.0,1,1,1,0,0,0,no laundry on site
1673,1133,2,2.0,1,1,0,1,0,0,w/d in unit
1085,1365,2,2.0,1,1,1,0,0,0,w/d in unit
1276,1003,2,2.0,1,1,0,0,0,0,no laundry on site
1293,1167,2,2.0,1,1,1,1,0,0,w/d in unit
1595,1293,3,2.0,1,1,1,0,0,0,no laundry on site
856,418,0,1.0,0,0,1,0,0,0,no laundry on site
1043,810,2,2.0,0,0,1,0,0,0,no laundry on site
1229,694,1,1.0,1,1,1,0,0,0,w/d in unit
1281,867,1,1.0,1,1,1,0,0,0,w/d in unit
985,695,1,1.0,1,1,1,0,0,0,w/d in unit
809,440,1,1.0,1,1,1,0,0,0,laundry on site
1015,720,1,1.0,0,0,1,0,0,0,no laundry on site
918,456,1,1.0,0,0,1,0,0,0,no laundry on site
219,300,0,1.0,1,1,0,1,0,1,laundry on site
810,613,1,1.0,1,1,1,0,0,0,no laundry on site
995,720,1,1.0,0,0,1,0,0,0,no laundry on site
1572,1219,3,2.0,0,0,1,0,0,0,no laundry on site
879,650,1,1.0,1,1,1,0,0,0,laundry on site
1185,688,1,1.0,1,1,1,0,0,0,w/d in unit
665,329,0,1.0,1,1,1,0,0,0,no laundry on site
695,475,0,1.0,1,1,1,0,0,0,no laundry on site
1295,1078,2,2.0,1,1,1,0,0,0,w/d in unit
795,491,1,1.0,1,1,1,0,0,0,no laundry on site
875,636,2,1.0,1,1,1,0,0,0,no laundry on site
1312,1018,2,2.0,1,1,0,0,0,0,w/d in unit
920,853,2,1.0,1,1,1,0,0,0,no laundry on site
1237,975,2,2.0,0,0,1,0,0,0,no laundry on site
1491,1050,2,2.0,0,0,1,0,0,0,no laundry on site
1165,811,2,1.0,0,0,1,0,0,0,no laundry on site
1170,1107,2,2.0,0,0,1,0,0,0,no laundry on site
0,1183,3,2.0,1,1,1,0,0,0,w/d in unit
1040,1068,2,2.0,1,1,1,0,0,0,w/d in unit
1310,1032,2,2.0,0,0,1,0,0,0,no laundry on site
1192,741,1,1.0,1,1,1,0,0,0,laundry on site
1080,540,1,1.0,1,1,0,0,0,0,laundry on site
1189,850,2,1.0,0,0,1,0,0,0,no laundry on site
1020,999,2,2.0,1,1,1,0,0,0,w/d in unit
725,590,1,1.0,0,0,1,0,0,0,no laundry on site
1294,980,2,2.0,0,0,1,0,0,0,no laundry on site
1029,717,1,1.0,1,1,1,0,0,0,w/d in unit
1031,695,1,1.0,0,0,1,0,0,0,no laundry on site
1092,825,1,1.0,0,0,1,0,0,0,no laundry on site
1129,746,1,1.0,0,0,1,0,0,0,no laundry on site
1606,851,2,2.0,1,1,1,0,0,0,w/d in unit
1009,796,1,1.0,1,1,1,0,0,0,w/d in unit
1035,720,1,1.0,0,0,1,0,0,0,no laundry on site
925,744,1,1.0,0,0,1,0,0,0,no laundry on site
999,745,1,1.0,0,0,1,0,0,0,no laundry on site
1075,965,2,2.0,1,1,1,0,0,0,w/d in unit
1300,960,1,1.0,1,1,0,0,0,0,w/d in unit
1105,875,2,2.0,1,1,1,0,0,0,laundry on site
939,635,1,1.0,1,1,1,0,0,0,w/d in unit
1475,638,1,1.0,1,1,1,1,1,0,w/d in unit
1250,960,2,2.0,1,1,1,0,0,0,w/d in unit
915,550,1,1.0,0,0,1,0,0,0,no laundry on site
975,926,2,2.0,0,0,1,0,0,0,no laundry on site
880,678,1,1.0,1,1,1,0,0,0,laundry on site
1695,1174,2,2.0,1,1,0,0,0,0,w/d in unit
1460,988,2,2.0,1,1,1,0,0,0,w/d in unit
1735,1070,2,2.0,1,1,1,0,1,0,w/d in unit
1157,1152,2,2.0,1,1,1,0,0,0,w/d hookups
1345,1053,2,2.0,1,1,1,0,0,0,w/d in unit
1653,1247,2,2.0,1,1,1,0,0,0,w/d in unit
1585,1063,2,2.0,1,1,1,0,0,0,w/d in unit
1520,1241,2,2.0,1,1,1,0,0,0,w/d in unit
1270,1025,2,2.0,0,0,1,0,0,0,no laundry on site
1451,978,2,2.0,1,1,1,0,0,0,laundry on site
1226,996,2,2.0,1,1,0,0,0,0,no laundry on site
945,730,1,1.0,1,1,1,0,0,0,w/d in unit
1040,782,1,1.0,1,1,1,0,0,0,w/d in unit
1065,600,1,1.0,0,0,1,0,0,0,no laundry on site
865,570,1,1.0,1,1,1,0,0,0,laundry on site
815,530,1,1.0,1,1,1,0,0,0,w/d hookups
1490,1345,3,2.0,1,1,1,0,0,0,w/d in unit
1205,970,2,2.0,1,1,1,0,0,0,w/d in unit
1395,1211,2,2.0,1,1,1,0,0,0,w/d in unit
1134,908,1,1.0,1,1,1,0,0,0,w/d in unit
789,585,1,1.0,1,1,1,0,0,0,laundry on site
1170,720,1,1.0,1,1,1,0,0,0,w/d in unit
962,650,1,1.0,1,1,1,0,0,0,w/d in unit
773,676,1,1.0,0,0,1,0,0,0,no laundry on site
1244,838,2,1.0,1,1,0,1,0,0,w/d in unit
1347,1152,2,2.0,1,1,1,0,0,0,w/d in unit
1396,1058,2,2.0,1,1,1,0,0,0,no laundry on site
1340,983,2,2.0,0,0,1,0,0,0,no laundry on site
1075,700,1,1.0,0,0,1,0,0,0,no laundry on site
0,500,1,1.0,0,0,1,0,0,0,laundry on site
1109,703,1,1.0,1,1,1,0,0,0,w/d in unit
1304,1050,2,2.0,0,0,1,0,0,0,no laundry on site
1025,720,1,1.0,0,0,1,0,0,0,no laundry on site
1297,765,1,1.0,1,1,1,0,0,0,w/d in unit
999,750,1,1.0,0,0,1,0,0,0,no laundry on site
1150,1140,3,2.0,1,1,1,0,0,0,w/d in unit
1265,955,2,2.0,0,0,1,0,0,0,no laundry on site
920,443,0,1.0,1,1,1,0,0,0,laundry on site
799,408,0,1.0,1,1,1,0,0,0,laundry on site
1007,1054,3,3.0,1,1,0,1,0,0,w/d in unit
2120,1227,2,2.0,1,1,0,1,0,0,w/d in unit
1275,1025,2,2.0,0,0,1,0,0,0,no laundry on site
847,600,1,1.0,1,1,1,0,0,0,laundry on site
0,900,2,2.0,0,0,1,0,0,0,no laundry on site
1800,1303,3,2.0,1,1,1,0,0,0,w/d in unit
1310,1197,2,2.0,1,1,1,0,0,0,w/d in unit
1276,1003,2,2.0,1,1,0,0,0,0,no laundry on site
1025,580,1,1.0,1,1,1,0,0,0,laundry on site
1335,1192,3,2.0,1,1,1,1,0,0,laundry in bldg
1700,1350,3,2.0,0,0,1,0,0,0,no laundry on site
975,670,1,1.0,0,0,1,0,0,0,no laundry on site
1210,1028,2,2.0,1,1,1,0,0,0,w/d in unit
870,570,1,1.0,1,1,1,0,0,0,laundry on site
912,550,1,1.0,1,1,1,0,0,0,no laundry on site
1045,900,2,0.0,0,0,1,0,0,0,w/d in unit
753,450,0,1.0,1,1,1,0,0,0,w/d in unit
1025,876,2,2.0,1,1,1,0,0,0,w/d in unit
1010,855,2,1.0,0,0,1,0,0,0,no laundry on site
1079,850,2,0.0,1,1,1,0,0,0,no laundry on site
1205,970,2,2.0,1,1,1,0,0,0,w/d in unit
925,650,1,1.0,0,0,1,0,0,0,no laundry on site
960,650,1,0.0,0,1,1,0,0,0,w/d in unit
679,240,0,1.0,0,0,1,0,0,0,no laundry on site
1137,925,2,1.0,0,0,1,0,0,0,no laundry on site
1101,800,1,1.0,0,0,1,0,0,0,no laundry on site
915,485,1,1.0,1,1,1,0,0,0,laundry on site
899,825,2,1.0,1,1,1,0,0,0,laundry on site
1535,1075,2,2.0,0,0,1,0,0,0,no laundry on site
1465,1053,2,2.0,1,1,1,1,0,0,w/d in unit
1010,750,1,1.0,1,1,1,0,0,0,w/d in unit
979,650,2,1.0,1,1,1,0,0,0,laundry on site
845,545,1,1.0,1,1,1,0,0,0,laundry on site
1142,1006,2,2.0,1,1,1,0,0,0,w/d in unit
1000,864,2,1.0,1,1,1,0,0,0,w/d in unit
655,461,0,1.0,1,1,1,0,0,0,laundry on site
1070,1006,2,2.0,1,1,1,1,0,0,laundry in bldg
825,720,1,1.0,1,1,1,0,0,0,w/d in unit
0,1078,2,2.0,1,1,1,0,0,0,w/d in unit
1030,776,2,2.0,1,1,0,1,0,1,w/d in unit
900,840,2,1.0,1,1,1,0,0,0,w/d in unit
1801,1360,3,2.0,1,1,0,0,0,0,w/d in unit
928,660,1,1.0,1,1,1,0,0,0,w/d in unit
1245,1040,2,2.0,1,1,0,0,0,0,w/d in unit
1315,868,2,2.0,1,1,0,0,0,0,w/d in unit
1185,811,2,1.0,0,0,1,0,0,0,no laundry on site
1018,727,1,1.0,1,1,1,0,0,0,w/d in unit
1589,1239,3,2.0,0,0,1,0,0,0,no laundry on site
1180,689,1,1.0,0,0,1,0,0,0,no laundry on site
1589,1239,3,2.0,0,0,1,0,0,0,no laundry on site
825,720,1,1.0,1,1,1,0,0,0,w/d in unit
1061,893,2,2.0,1,1,1,0,0,0,w/d in unit
1019,681,1,1.0,0,0,1,0,0,0,no laundry on site
1075,700,1,1.0,0,0,1,0,0,0,no laundry on site
1005,785,1,1.0,1,1,1,0,0,0,w/d in unit
900,1006,2,2.0,1,1,1,0,0,0,w/d in unit
1050,800,1,1.0,1,1,1,0,0,0,w/d in unit
1050,800,1,1.0,1,1,1,0,0,0,w/d in unit
1050,800,1,1.0,1,1,1,0,0,0,w/d in unit
885,780,2,1.0,1,1,1,0,0,0,laundry on site
1160,750,1,1.0,1,1,1,0,0,0,w/d in unit
1125,875,2,1.0,1,1,1,0,0,0,w/d in unit
1050,800,1,1.0,1,1,1,0,0,0,w/d in unit
1385,827,1,1.0,1,1,0,1,0,0,w/d in unit
999,863,1,1.0,0,0,1,0,0,0,no laundry on site
1139,732,1,1.0,1,1,1,1,0,0,w/d in unit
1192,741,1,1.0,1,1,1,0,0,0,laundry on site
905,672,1,1.0,1,1,1,0,0,0,laundry on site
1306,1040,2,2.0,0,0,1,0,0,0,no laundry on site
835,720,1,1.0,1,1,1,0,0,0,w/d in unit
1510,876,1,1.0,1,1,1,0,0,0,w/d in unit
879,879,2,2.0,0,0,1,0,0,0,no laundry on site
550,1501,1,0.0,1,1,0,0,0,1,no laundry on site
1495,1146,3,2.0,1,1,1,0,0,0,no laundry on site
1520,1109,2,2.0,1,1,1,0,0,0,no laundry on site
1299,645,1,1.0,1,1,1,0,0,0,w/d in unit
1320,865,2,1.0,1,1,1,0,0,0,w/d in unit
1199,900,2,2.0,1,1,1,0,0,0,w/d in unit
1271,938,2,2.0,1,1,1,1,0,0,w/d in unit
1106,732,1,1.0,0,0,1,0,0,0,no laundry on site
1605,1107,3,2.0,1,1,1,0,0,0,no laundry on site
1415,983,2,2.0,0,0,1,0,0,0,no laundry on site
1093,730,1,1.0,1,1,1,0,0,0,w/d in unit
1244,838,2,1.0,0,0,1,0,0,0,no laundry on site
1175,1009,2,2.0,1,1,1,0,0,0,w/d in unit
1245,702,0,1.0,1,1,1,0,0,0,w/d in unit
1131,800,1,1.0,0,0,1,0,0,0,no laundry on site
1250,950,2,2.0,0,0,1,0,0,0,no laundry on site
1216,777,1,1.0,0,0,1,0,0,0,no laundry on site
1287,765,1,1.0,0,0,1,0,0,0,no laundry on site
1105,874,2,2.0,1,1,0,0,0,0,w/d in unit
1520,1063,2,2.0,1,1,1,0,0,0,w/d in unit
1290,1068,2,2.0,1,1,1,0,0,0,w/d in unit
1599,978,2,2.0,0,0,1,0,0,0,no laundry on site
900,756,2,1.0,1,1,1,0,0,0,w/d in unit
2800,1230,3,2.0,0,0,1,0,0,0,no laundry on site
1125,875,2,1.0,1,1,1,0,0,0,w/d in unit
1323,918,2,2.0,1,1,1,0,0,0,w/d in unit
965,617,1,1.0,1,1,1,0,0,0,w/d in unit
1580,1253,3,2.0,0,0,1,0,0,0,no laundry on site
1300,798,1,1.0,1,1,1,0,0,0,w/d in unit
1135,875,2,1.0,1,1,1,0,0,0,w/d in unit
1300,1167,2,2.0,0,0,1,0,0,0,no laundry on site
1216,777,1,1.0,0,0,1,0,0,0,no laundry on site
1233,999,2,2.0,0,0,1,0,0,0,no laundry on site
2145,1468,3,2.0,1,1,1,0,0,0,w/d in unit
1295,1132,2,2.0,1,1,1,0,0,0,w/d in unit
1125,875,2,1.0,1,1,1,0,0,0,w/d in unit
1200,810,2,2.0,1,1,1,0,0,0,laundry on site
1190,625,1,1.0,1,1,1,0,0,0,w/d in unit
1180,995,2,2.0,1,1,1,0,0,0,w/d in unit
1145,646,1,1.0,1,1,1,1,0,0,w/d in unit
900,744,1,1.0,1,1,1,0,0,0,w/d in unit
1300,761,1,1.0,1,1,1,0,0,0,w/d in unit
1314,988,2,2.0,1,1,1,0,0,0,w/d in unit
1130,875,2,1.0,1,1,1,0,0,0,w/d in unit
900,720,1,1.0,1,1,1,1,0,0,laundry in bldg
1390,1174,3,2.0,1,1,1,0,0,0,w/d in unit
1135,747,1,1.0,1,1,1,0,0,0,laundry on site
1175,860,2,2.0,1,1,0,0,0,0,w/d in unit
960,1024,1,1.0,1,1,1,0,0,0,laundry on site
679,240,0,1.0,0,0,1,0,0,0,no laundry on site
825,1000,2,1.0,0,0,1,0,0,0,no laundry on site
1183,805,2,2.0,1,1,1,0,0,0,laundry on site
905,660,1,1.0,0,0,1,0,0,0,no laundry on site
1125,875,2,1.0,1,1,1,0,0,0,w/d in unit
1175,860,2,2.0,1,1,0,0,0,0,w/d in unit
1245,824,1,1.0,1,1,1,0,0,0,w/d in unit
1085,1325,2,2.0,1,1,1,0,0,0,w/d in unit
818,308,0,1.0,0,0,1,0,0,0,no laundry on site
1350,1001,2,2.0,1,1,1,0,0,0,w/d in unit
1480,950,1,1.0,1,1,1,0,0,0,w/d in unit
1199,860,2,1.0,0,0,1,0,0,0,no laundry on site
1327,937,2,2.0,1,1,1,1,0,0,w/d in unit
1175,860,2,2.0,1,1,0,0,0,0,w/d in unit
1359,965,2,1.0,1,1,1,0,0,0,w/d in unit
1269,1030,2,2.0,1,1,1,0,0,0,w/d in unit
1300,1000,2,2.0,1,1,1,0,0,0,w/d in unit
1175,860,2,2.0,1,1,0,0,0,0,w/d in unit
1278,884,2,1.0,1,1,1,0,0,0,w/d in unit
1085,1325,2,2.0,1,0,1,0,0,0,w/d in unit
1224,827,1,1.0,1,1,1,1,0,0,w/d in unit
1095,850,2,1.0,1,1,1,0,0,0,laundry on site
1065,1100,2,2.0,1,1,1,0,0,0,w/d in unit
219,300,0,1.0,1,1,0,1,0,1,laundry on site
1175,860,2,2.0,1,1,0,0,0,0,w/d in unit
1390,818,2,2.0,1,1,0,0,0,0,w/d in unit
905,660,1,1.0,1,1,1,0,0,0,laundry on site
1295,900,2,2.0,1,1,1,0,0,0,w/d in unit
1185,726,1,1.0,1,1,0,0,0,0,w/d in unit
1185,868,1,1.0,0,0,1,0,0,0,no laundry on site
1105,756,1,1.0,1,1,1,0,0,0,w/d in unit
1235,1081,2,1.0,1,1,1,0,0,0,w/d in unit
1755,1291,2,2.0,1,1,1,0,0,0,w/d in unit
1388,1003,2,2.0,1,1,1,1,0,0,w/d in unit
1175,860,2,2.0,1,1,0,0,0,0,w/d in unit
795,625,1,1.0,1,1,1,0,0,0,laundry on site
1725,1421,3,2.0,0,0,1,0,0,0,no laundry on site
1175,860,2,2.0,1,1,0,0,0,0,w/d in unit
1746,1388,3,2.0,1,1,0,1,0,0,w/d in unit
1416,1058,2,2.0,1,1,1,0,0,0,w/d in unit
1595,1293,3,2.0,1,1,1,0,0,0,no laundry on site
1276,784,1,1.0,0,0,1,0,0,0,no laundry on site
1175,860,2,2.0,1,1,0,0,0,0,w/d in unit
1085,1345,2,2.0,1,1,1,0,0,0,w/d in unit
1725,1333,3,2.0,1,1,1,1,0,0,w/d in unit
1106,732,1,1.0,0,0,1,0,0,0,no laundry on site
1175,860,2,2.0,1,1,0,0,0,0,w/d in unit
1185,860,2,2.0,1,1,0,0,0,0,laundry on site
1415,983,2,2.0,0,0,1,0,0,0,no laundry on site
1075,891,2,1.0,0,0,0,0,0,0,w/d in unit
995,900,2,1.0,1,1,1,0,0,0,laundry on site
1306,1040,2,2.0,0,0,1,0,0,0,no laundry on site
1054,775,2,1.0,1,1,1,0,0,0,w/d in unit
770,597,1,0.0,1,1,1,0,0,0,w/d in unit
1046,660,1,1.0,1,1,1,0,0,0,no laundry on site
1020,653,1,1.0,1,1,1,0,0,0,w/d in unit
1338,697,1,0.0,1,1,0,0,0,0,w/d in unit
1313,866,1,1.0,1,1,1,1,0,0,w/d in unit
1130,875,2,1.0,1,1,1,0,0,0,w/d in unit
915,483,1,1.0,1,1,1,0,0,0,laundry on site
1192,741,1,1.0,1,1,1,0,0,0,laundry on site
1255,800,1,1.0,1,1,1,1,0,0,w/d in unit
1370,793,2,2.0,1,1,1,0,0,0,w/d in unit
1225,740,1,1.0,0,0,1,0,0,0,w/d in unit
1193,742,1,1.0,1,1,1,0,0,0,laundry on site
945,720,1,1.0,1,1,1,0,0,0,no laundry on site
1375,910,1,1.0,1,1,1,0,0,0,w/d in unit
850,630,1,1.0,0,0,1,0,0,0,no laundry on site
875,580,1,1.0,1,1,1,0,0,0,laundry on site
806,625,1,1.0,1,1,1,0,0,0,w/d in unit
869,611,1,1.0,1,1,1,0,0,0,laundry on site
795,491,1,1.0,1,1,1,0,0,0,no laundry on site
725,590,1,1.0,1,1,1,0,0,0,no laundry on site
875,636,2,1.0,1,1,1,0,0,0,no laundry on site
695,475,0,1.0,1,1,1,0,0,0,no laundry on site
938,730,1,1.0,1,1,1,0,0,0,w/d in unit
1310,1000,2,2.0,1,1,1,0,0,0,w/d in unit
1388,1003,2,2.0,1,1,1,1,0,0,w/d in unit
1150,717,1,1.0,1,1,1,0,0,0,w/d in unit
920,853,2,1.0,1,1,1,0,0,0,no laundry on site
855,770,1,1.0,0,0,1,0,0,0,laundry on site
1105,978,2,2.0,0,0,1,0,0,0,w/d in unit
1175,742,1,1.0,1,1,1,1,0,0,w/d in unit
2000,2182,4,2.5,0,0,1,0,0,0,no laundry on site
1285,950,2,2.0,1,1,1,0,0,0,w/d in unit
925,525,1,1.0,1,1,0,0,0,0,w/d in unit
1150,1040,2,2.0,1,1,1,0,0,0,w/d in unit
806,625,1,1.0,1,1,1,0,0,0,w/d in unit
849,470,0,1.0,0,0,1,0,0,0,no laundry on site
268,300,0,1.0,1,1,0,0,0,1,laundry on site
1353,1054,2,2.0,0,0,1,0,0,0,no laundry on site
1994,982,2,2.0,1,1,1,0,0,0,w/d in unit
1251,996,2,2.0,1,1,0,0,0,0,w/d in unit
679,240,0,1.0,0,0,1,0,0,0,no laundry on site
1167,708,1,1.0,1,1,1,0,0,0,w/d in unit
1075,895,2,2.0,1,1,1,0,0,0,laundry on site
925,525,1,1.0,1,1,1,0,0,0,w/d in unit
679,240,0,1.0,1,1,1,0,0,0,no laundry on site
1040,1068,2,2.0,1,1,1,0,0,0,w/d in unit
1270,1004,2,2.0,1,1,1,0,0,0,w/d in unit
623,625,1,1.0,1,1,1,0,0,0,laundry on site
1475,638,1,1.0,1,1,1,0,0,0,w/d in unit
1250,1000,2,2.0,0,0,1,0,0,0,no laundry on site
1445,816,2,1.0,1,1,1,0,0,0,w/d in unit
999,700,1,1.0,1,1,1,0,0,0,no laundry on site
1130,875,2,1.0,1,1,1,0,0,0,w/d in unit
773,676,1,1.0,0,0,1,0,0,0,no laundry on site
1085,754,1,1.0,1,1,0,0,0,0,w/d in unit
1095,1325,2,2.0,1,1,1,0,0,0,w/d in unit
1615,1293,3,2.0,1,1,1,0,0,0,w/d in unit
1000,500,0,1.0,1,1,1,0,0,0,laundry on site
945,580,1,1.0,1,1,1,0,0,0,w/d in unit
1380,816,2,1.0,1,1,1,0,0,0,laundry on site
1765,1264,2,2.0,1,1,1,0,0,0,w/d in unit
864,570,1,1.0,1,1,1,0,0,0,laundry on site
975,790,2,2.0,1,1,1,0,0,0,laundry on site
1183,805,2,2.0,1,1,1,0,0,0,laundry on site
1245,918,2,2.0,1,1,1,0,0,0,laundry on site
970,579,1,1.0,1,1,1,0,0,0,w/d in unit
1178,814,2,1.0,1,1,1,0,0,0,w/d in unit
1257,975,1,1.0,1,1,1,0,0,0,w/d in unit
1529,851,2,2.0,1,1,1,0,0,0,w/d in unit
1056,1022,2,2.0,0,0,1,0,0,0,w/d in unit
1500,1168,2,2.0,1,1,1,0,0,0,w/d in unit
1186,910,2,1.0,1,1,1,0,0,0,laundry on site
1445,816,2,1.0,1,1,1,0,0,0,w/d in unit
1405,1275,2,2.0,0,1,1,0,0,0,laundry on site
1116,757,1,1.0,1,1,1,0,0,0,w/d in unit
1218,774,1,1.0,0,0,1,0,0,0,no laundry on site
985,750,2,1.0,1,1,1,0,0,0,no laundry on site
1175,815,1,1.0,1,1,1,0,0,0,w/d in unit
1636,760,1,1.0,1,1,0,1,0,0,w/d in unit
1039,900,2,2.0,1,1,1,0,0,0,no laundry on site
813,465,1,1.0,1,1,1,0,0,0,laundry on site
1403,752,1,1.0,1,1,0,0,0,0,w/d in unit
810,450,0,1.0,1,1,1,0,0,0,no laundry on site
740,450,0,1.0,1,1,1,0,0,0,no laundry on site
935,750,2,1.0,1,1,1,0,0,0,no laundry on site
985,750,2,1.0,1,1,1,0,0,0,w/d in unit
820,690,1,1.0,1,1,1,0,0,0,no laundry on site
850,690,1,1.0,0,0,1,0,0,0,w/d in unit
720,450,0,1.0,1,1,1,0,0,0,no laundry on site
1155,884,2,2.0,1,1,1,0,0,0,laundry on site
800,690,1,1.0,1,1,1,0,0,0,no laundry on site
820,690,1,1.0,1,1,1,0,0,0,no laundry on site
820,690,1,1.0,1,1,1,0,0,0,no laundry on site
740,450,0,1.0,1,1,1,0,0,0,no laundry on site
1050,800,2,2.0,1,1,1,0,0,0,no laundry on site
1050,800,2,2.0,1,1,1,0,0,0,no laundry on site
1293,1167,2,2.0,0,0,1,0,0,0,no laundry on site
800,690,1,1.0,1,1,1,0,0,0,no laundry on site
740,450,0,1.0,1,1,1,0,0,0,no laundry on site
1285,1125,2,2.0,1,1,1,0,0,0,w/d in unit
740,450,0,1.0,1,1,1,0,0,0,no laundry on site
1297,1078,2,2.0,0,0,1,0,0,0,no laundry on site
850,690,1,1.0,1,1,1,0,0,0,w/d in unit
820,690,1,1.0,1,1,1,0,0,0,no laundry on site
870,690,1,1.0,1,1,1,0,0,0,w/d in unit
674,380,0,1.0,1,1,1,0,0,0,laundry on site
935,750,2,1.0,1,1,1,0,0,0,no laundry on site
870,690,1,1.0,1,1,1,0,0,0,w/d in unit
1050,624,1,1.0,1,1,1,0,0,0,w/d in unit
850,690,1,1.0,1,1,1,0,0,0,w/d in unit
1100,950,2,2.0,0,0,1,0,0,1,w/d in unit
1180,689,1,1.0,0,0,1,0,0,0,no laundry on site
1141,811,2,1.0,0,0,1,0,0,0,no laundry on site
1050,800,2,2.0,1,1,1,0,0,0,w/d in unit
740,450,0,1.0,1,1,1,0,0,0,no laundry on site
800,690,1,1.0,1,1,1,0,0,0,no laundry on site
850,690,1,1.0,1,1,1,0,0,0,no laundry on site
1202,811,2,2.0,0,0,1,0,0,0,no laundry on site
1292,1013,2,2.0,0,0,1,0,0,0,no laundry on site
1331,1152,2,2.0,0,0,1,0,0,0,no laundry on site
1100,950,2,2.0,1,1,1,0,0,0,w/d in unit
1154,732,1,1.0,1,1,1,0,0,0,w/d in unit
1144,600,1,1.0,1,1,1,0,0,0,w/d in unit
1359,1067,2,2.0,0,0,1,0,0,0,no laundry on site
1183,805,2,2.0,1,1,1,0,0,0,laundry on site
1178,814,2,1.0,1,1,1,0,0,0,no laundry on site
1015,686,2,1.0,1,1,1,0,0,0,laundry on site
1049,934,2,2.0,1,1,1,0,0,0,laundry on site
830,502,0,1.0,1,1,1,0,0,0,w/d in unit
875,580,1,1.0,1,1,1,0,0,0,laundry on site
1299,1043,2,2.0,1,1,1,0,0,0,w/d in unit
1200,772,1,1.0,1,1,1,1,0,0,w/d in unit
1275,797,1,1.0,1,1,1,0,0,0,w/d in unit
1520,1080,2,2.0,1,1,1,0,0,0,w/d in unit
1589,1239,3,2.0,0,0,1,0,0,0,no laundry on site
1520,1063,2,2.0,1,1,1,0,0,0,w/d in unit
905,650,1,1.0,1,1,1,0,0,0,w/d in unit
1740,2300,3,2.0,1,1,1,0,0,0,w/d hookups
1228,862,1,1.0,1,1,1,0,0,0,w/d in unit
1131,800,1,1.0,0,0,1,0,0,0,no laundry on site
729,700,1,1.0,0,0,1,0,0,0,laundry on site
1015,700,1,1.0,0,0,1,0,0,0,no laundry on site
1243,866,1,1.0,1,1,1,1,0,0,w/d in unit
1120,1219,2,2.0,0,0,1,0,0,0,no laundry on site
789,585,1,1.0,1,1,1,0,0,0,laundry on site
1195,692,1,1.0,1,1,1,0,0,0,w/d in unit
1250,1003,2,1.0,1,1,1,0,0,0,w/d in unit
928,675,1,1.0,0,0,1,0,0,0,no laundry on site
1485,1263,2,2.5,1,1,1,0,0,0,w/d in unit
1095,1265,2,2.0,1,1,1,0,0,0,w/d in unit
1095,1295,2,2.0,1,1,1,0,0,0,w/d in unit
1585,1063,2,2.0,1,1,1,0,0,0,w/d in unit
1050,1000,2,1.0,1,1,1,0,0,0,laundry on site
1000,738,1,1.0,1,1,1,0,0,0,w/d in unit
1595,1293,3,2.0,1,1,1,0,0,0,w/d in unit
935,658,1,1.0,1,1,1,0,0,0,w/d in unit
1075,895,2,2.0,1,1,1,0,0,0,laundry on site
1230,776,1,1.0,1,1,1,0,0,0,w/d in unit
1205,937,1,1.0,1,1,1,0,0,0,no laundry on site
1750,1263,3,2.0,1,1,1,0,0,0,w/d in unit
1400,1000,1,1.0,1,1,1,0,0,0,laundry on site
1815,1378,3,2.0,1,1,1,0,0,0,w/d in unit
2037,1140,1,1.0,1,1,1,0,0,0,no laundry on site
989,732,1,1.0,1,1,0,0,0,0,no laundry on site
1202,780,1,1.0,0,0,1,0,0,0,no laundry on site
0,650,1,1.0,0,0,1,0,0,0,no laundry on site
1815,1378,3,2.0,1,1,1,0,0,0,w/d in unit
1020,550,1,1.0,1,1,1,0,0,0,w/d in unit
875,580,0,1.0,1,1,1,0,0,0,laundry on site
1689,830,1,1.5,1,1,1,0,0,0,w/d in unit
1510,1122,2,2.0,1,1,1,0,0,0,w/d in unit
729,400,0,1.0,1,1,1,0,0,0,laundry on site
1148,832,1,1.0,1,1,1,0,0,0,w/d in unit
1075,895,2,2.0,1,1,1,0,0,0,laundry on site
1180,1107,2,2.0,0,0,1,0,0,0,no laundry on site
1420,959,1,1.0,1,1,1,0,0,0,w/d in unit
1999,949,0,1.0,1,1,1,0,0,0,w/d in unit
1075,965,2,2.0,1,1,1,0,0,0,w/d hookups
1195,840,2,1.0,0,0,1,0,0,0,no laundry on site
964,738,1,1.0,0,0,1,0,0,0,no laundry on site
1355,732,1,1.0,1,1,1,0,0,0,w/d in unit
1269,940,1,1.0,1,1,1,0,0,0,w/d in unit
1224,820,1,1.0,1,1,1,0,0,0,w/d in unit
1688,1416,2,2.0,1,1,1,0,0,0,w/d in unit
980,688,1,1.0,1,1,1,0,0,0,laundry on site
1333,1065,1,1.0,1,1,1,0,0,0,w/d in unit
1065,600,1,1.0,0,0,1,0,0,0,no laundry on site
995,744,1,1.0,1,1,1,0,0,0,w/d in unit
1265,999,2,2.0,1,1,1,0,0,0,w/d in unit
1204,952,2,2.0,1,1,1,0,0,0,laundry on site
1395,930,2,1.0,1,1,1,0,0,0,w/d in unit
929,456,1,1.0,0,0,1,0,0,0,no laundry on site
988,732,1,1.0,1,1,0,0,0,0,no laundry on site
1345,810,2,0.0,1,1,1,0,0,0,w/d in unit
1550,1070,2,2.0,1,1,1,0,0,0,w/d in unit
930,428,1,1.0,1,1,0,0,0,0,laundry on site
1315,820,2,0.0,1,1,1,0,0,0,w/d in unit
1268,920,1,1.0,1,1,1,0,0,0,w/d in unit
647,1159,2,2.0,0,0,1,0,0,0,w/d in unit
1325,800,2,0.0,1,1,1,0,0,0,laundry on site
1395,880,2,2.0,1,1,1,0,0,0,w/d in unit
925,450,1,0.0,1,1,1,0,0,0,laundry on site
1150,961,2,2.0,1,1,1,0,0,0,w/d in unit
1390,1006,2,2.0,1,1,1,0,0,0,w/d in unit
1451,977,2,2.0,1,1,1,0,0,0,laundry on site
1460,1370,1,1.0,1,1,1,0,0,0,w/d in unit
1699,1124,2,2.0,1,1,1,0,0,0,w/d in unit
1188,820,1,1.0,1,1,1,0,0,0,w/d in unit
1550,1070,2,2.0,1,1,1,0,0,0,w/d in unit
1282,988,2,2.0,1,1,1,0,0,0,no laundry on site
1279,852,1,1.0,1,1,1,0,0,0,w/d in unit
1208,661,0,1.0,1,1,1,0,0,0,w/d in unit
1239,758,1,1.0,1,1,1,0,0,0,w/d in unit
1287,774,1,1.0,0,0,1,0,0,0,no laundry on site
849,615,1,1.0,1,1,1,0,0,0,w/d hookups
1205,640,1,1.0,1,1,0,0,0,0,w/d in unit
1490,1100,2,2.0,1,1,1,0,0,0,w/d in unit
975,926,2,2.0,0,0,1,0,0,0,no laundry on site
0,900,1,1.0,0,0,1,0,0,0,laundry on site
1334,713,1,1.0,1,1,1,0,0,0,w/d in unit
1610,707,1,1.0,1,1,1,0,0,0,w/d in unit
745,419,0,1.0,1,1,1,0,0,0,laundry in bldg
1265,738,1,1.0,0,0,1,0,0,0,no laundry on site
1535,1126,2,2.0,1,1,1,0,0,0,w/d in unit
1500,760,1,1.0,1,1,1,0,0,1,no laundry on site
885,658,1,1.0,1,1,1,0,0,0,w/d in unit
1404,1121,2,0.0,1,1,1,0,0,0,no laundry on site
1673,1006,2,2.0,1,1,1,0,0,0,w/d in unit
1074,700,1,1.0,0,0,1,0,0,0,no laundry on site
981,540,1,1.0,1,1,1,0,0,1,laundry on site
1050,935,2,2.0,1,1,1,0,0,1,no laundry on site
1095,685,1,1.0,1,1,1,0,0,1,no laundry on site
962,726,1,1.0,1,1,0,0,0,0,w/d in unit
792,375,0,1.0,1,1,1,0,0,1,laundry on site
1614,1145,2,2.0,1,1,0,0,0,0,w/d in unit
878,689,1,1.0,1,1,1,0,0,0,w/d in unit
870,570,1,1.0,1,1,1,0,0,0,laundry on site
1877,1270,2,2.0,1,1,0,1,0,0,w/d in unit
1424,725,2,2.0,1,1,1,0,0,0,w/d in unit
1040,550,1,1.0,1,1,1,0,0,0,no laundry on site
1451,978,2,2.0,1,1,1,0,0,0,laundry on site
1739,1193,2,2.0,1,0,1,0,0,0,w/d in unit
1804,1145,2,2.0,1,1,0,1,0,0,w/d in unit
1590,920,1,1.0,1,1,0,1,0,0,w/d in unit
1035,720,1,1.0,0,0,1,0,0,0,no laundry on site
1381,1183,3,2.0,1,1,1,0,0,0,w/d in unit
1310,1003,2,2.0,1,1,1,0,0,0,w/d in unit
1375,983,2,2.0,0,0,1,0,0,0,no laundry on site
1030,851,2,2.0,1,1,1,0,0,0,laundry on site
1043,810,2,2.0,0,0,1,0,0,0,no laundry on site
975,926,2,2.0,0,0,1,0,0,0,no laundry on site
936,625,1,1.0,1,1,1,0,0,0,w/d in unit
1338,958,2,2.0,1,1,0,0,0,0,w/d in unit
1861,1307,3,2.0,1,1,1,0,0,0,no laundry on site
1174,689,1,1.0,0,0,1,0,0,0,no laundry on site
1850,1345,3,2.0,1,1,1,1,0,0,w/d in unit
1260,988,2,2.0,1,1,1,0,0,0,w/d in unit
921,730,1,1.0,1,1,1,0,0,0,w/d in unit
639,579,1,1.0,0,0,1,0,0,0,no laundry on site
1550,1070,2,2.0,1,1,1,0,0,0,w/d in unit
1588,1119,2,2.0,1,1,1,0,0,0,w/d in unit
1233,940,1,1.0,1,1,1,0,0,0,w/d in unit
985,658,1,1.0,1,1,1,0,0,0,no laundry on site
1836,1476,3,2.0,1,1,1,0,0,0,w/d in unit
1660,1360,3,2.0,1,1,1,0,0,0,w/d in unit
800,700,2,1.0,0,0,0,0,0,0,no laundry on site
1400,879,2,2.0,1,1,1,0,0,0,w/d in unit
1300,739,2,2.0,1,1,1,0,0,0,w/d in unit
1375,793,2,2.0,1,1,1,0,0,0,w/d in unit
1389,1102,2,1.0,1,1,1,0,0,0,w/d in unit
1180,750,1,1.0,1,1,1,0,0,0,w/d in unit
1981,773,1,1.0,1,1,1,0,0,0,w/d in unit
1625,1421,3,2.0,0,0,1,0,0,0,no laundry on site
1355,732,1,1.0,1,1,1,0,0,0,w/d in unit
1999,949,0,1.0,1,1,1,0,0,0,w/d in unit
1550,1070,2,2.0,1,1,1,0,0,0,w/d in unit
1199,820,1,1.0,1,1,1,0,0,0,w/d in unit
1699,814,1,1.0,1,1,1,0,0,0,w/d in unit
946,586,1,1.0,0,0,1,0,0,0,no laundry on site
925,800,2,1.0,1,1,0,0,0,0,laundry on site
1981,773,1,1.0,1,1,1,0,0,0,w/d in unit
926,730,1,1.0,1,1,1,0,0,0,w/d in unit
1096,700,1,1.0,0,0,1,0,0,0,no laundry on site
1399,1050,2,2.0,1,1,1,0,0,0,w/d in unit
1125,780,1,1.0,1,1,1,0,0,0,w/d in unit
1246,1054,2,2.0,0,0,1,0,0,0,no laundry on site
1248,938,2,2.0,1,1,1,1,0,0,w/d in unit
1529,851,2,2.0,1,1,1,0,0,0,w/d in unit
679,240,0,1.0,0,0,1,0,0,0,no laundry on site
268,300,0,1.0,1,1,0,0,0,1,laundry on site
1170,1107,2,2.0,0,0,1,0,0,0,no laundry on site
1075,965,2,2.0,1,1,1,0,0,0,w/d in unit
1115,857,2,2.0,1,1,1,0,0,0,w/d in unit
900,565,1,1.0,1,1,1,0,0,0,w/d in unit
1175,960,2,2.0,1,1,1,0,0,0,w/d in unit
988,732,1,1.0,0,0,1,0,0,0,no laundry on site
1062,600,1,1.0,0,0,1,0,0,0,no laundry on site
795,650,1,1.0,0,0,1,0,0,0,no laundry on site
1490,1159,3,2.0,1,1,1,0,0,0,w/d in unit
1515,1219,3,2.0,0,0,1,0,0,0,no laundry on site
918,456,1,1.0,0,0,1,0,0,0,no laundry on site
773,676,1,1.0,0,0,1,0,0,0,no laundry on site
800,407,0,1.0,0,0,1,0,0,0,laundry on site
1141,865,2,1.0,1,1,1,0,0,0,w/d in unit
870,570,1,1.0,0,0,1,0,0,0,no laundry on site
952,762,1,1.0,1,1,1,0,0,0,no laundry on site
1318,1183,2,2.0,0,0,1,0,0,0,no laundry on site
999,1200,3,1.0,0,0,1,0,0,0,laundry on site
1408,1003,2,2.0,1,1,0,0,0,0,no laundry on site
1220,868,1,1.0,0,0,1,0,0,0,no laundry on site
1225,785,1,1.0,1,1,1,0,0,0,w/d in unit
1800,1059,2,2.0,1,1,1,0,0,0,w/d in unit
1250,1025,2,2.0,0,0,1,0,0,0,no laundry on site
1294,980,2,2.0,0,0,1,0,0,0,no laundry on site
1262,772,1,1.0,1,1,1,1,0,1,w/d in unit
679,240,0,1.0,0,0,1,0,0,0,no laundry on site
1075,965,2,2.0,1,1,1,0,0,0,w/d in unit
1130,1107,2,2.0,0,0,1,0,0,0,no laundry on site
268,300,0,1.0,1,1,0,0,0,1,laundry on site
1275,1025,2,2.0,0,0,1,0,0,0,no laundry on site
1438,1219,3,2.0,0,0,1,0,0,0,no laundry on site
0,650,1,1.0,0,0,1,0,0,0,laundry on site
773,676,1,1.0,0,0,1,0,0,0,no laundry on site
1178,814,2,1.0,1,1,1,0,0,0,no laundry on site
866,570,1,1.0,1,1,1,0,0,0,laundry on site
1085,868,1,1.0,0,0,1,0,0,0,no laundry on site
1178,814,2,1.0,1,1,1,0,0,0,w/d in unit
1038,600,1,1.0,0,0,1,0,0,0,no laundry on site
1518,1195,3,2.0,0,0,1,0,0,0,no laundry on site
874,586,1,1.0,0,0,1,0,0,0,no laundry on site
1259,827,1,1.0,1,1,1,1,0,1,w/d in unit
1170,1107,2,2.0,0,0,1,0,0,0,no laundry on site
1157,1152,2,2.0,1,1,1,0,0,0,no laundry on site
679,240,0,1.0,0,0,1,0,0,0,no laundry on site
988,732,1,1.0,1,1,0,0,0,0,no laundry on site
1558,1219,3,2.0,0,0,1,0,0,0,no laundry on site
0,650,1,1.0,0,0,1,0,0,0,laundry on site
1088,700,1,1.0,0,0,1,0,0,0,no laundry on site
773,676,1,1.0,0,0,1,0,0,0,no laundry on site
985,658,1,1.0,1,1,1,0,0,0,no laundry on site
773,676,1,1.0,0,0,1,0,0,0,no laundry on site
1106,782,1,1.0,0,0,1,0,0,0,no laundry on site
870,570,1,1.0,1,1,1,0,0,0,laundry on site
962,762,1,1.0,1,1,1,0,0,0,w/d in unit
1350,1135,2,2.0,0,0,1,0,0,0,no laundry on site
1114,800,1,1.0,0,0,1,0,0,0,no laundry on site
1308,980,2,2.0,0,0,1,0,0,0,no laundry on site
1195,1219,2,2.0,0,0,1,0,0,0,no laundry on site
1055,965,2,2.0,1,1,1,0,0,0,w/d hookups
1299,618,1,1.0,1,1,0,0,1,0,w/d in unit
679,240,0,1.0,0,0,1,0,0,0,no laundry on site
1596,1219,3,2.0,0,0,1,0,0,0,no laundry on site
0,900,1,1.0,0,0,1,0,0,0,laundry on site
988,732,1,1.0,1,1,0,0,0,0,no laundry on site
985,658,1,1.0,1,1,1,0,0,0,no laundry on site
1381,1183,3,2.0,0,0,1,0,0,0,w/d in unit
866,570,1,1.0,0,0,1,0,0,0,no laundry on site
1141,865,2,1.0,1,1,1,0,0,0,no laundry on site
1049,600,1,1.0,0,0,1,0,0,0,no laundry on site
1142,980,2,2.0,0,0,1,0,0,0,no laundry on site
1655,1421,3,2.0,0,0,1,0,0,0,no laundry on site
1495,1076,1,1.0,1,1,0,0,0,1,w/d in unit
1221,827,1,1.0,1,1,1,1,0,1,w/d in unit
1170,1107,2,2.0,0,0,1,0,0,0,no laundry on site
1535,1063,2,2.0,1,1,1,0,0,0,w/d in unit
1075,965,2,2.0,1,1,1,0,0,0,w/d in unit
950,950,2,2.0,0,0,0,0,0,0,w/d in unit
975,926,2,2.0,0,0,1,0,0,0,no laundry on site
1300,1100,2,2.0,1,1,1,0,0,0,w/d in unit
679,240,0,1.0,0,0,1,0,0,0,no laundry on site
929,686,2,1.0,1,1,1,0,0,0,laundry on site
811,418,0,1.0,0,0,1,0,0,0,no laundry on site
1162,774,1,1.0,0,0,1,0,0,0,no laundry on site
0,650,1,1.0,0,0,1,0,0,0,laundry on site
1218,996,2,2.0,1,1,0,0,0,0,w/d in unit
1358,975,2,2.0,0,0,1,0,0,0,no laundry on site
1400,1100,2,2.0,1,1,1,1,0,0,w/d in unit
1145,900,2,2.0,1,1,1,1,0,0,laundry on site
1325,1146,3,2.0,1,1,1,0,0,0,w/d in unit
1318,1183,2,2.0,0,0,1,0,0,0,no laundry on site
1500,1200,3,2.0,1,1,1,1,0,0,w/d in unit
1299,900,2,2.0,0,0,1,0,0,0,w/d in unit
1599,1100,3,2.0,1,1,1,1,0,0,w/d in unit
864,570,1,1.0,1,1,1,0,0,0,laundry on site
870,570,1,1.0,0,0,1,0,0,0,no laundry on site
920,853,2,1.0,1,1,1,0,0,0,no laundry on site
875,636,2,1.0,1,1,1,0,0,0,no laundry on site
695,475,0,1.0,1,1,1,0,0,0,no laundry on site
1263,996,2,2.0,1,1,0,0,0,0,no laundry on site
795,491,1,1.0,1,1,1,0,0,0,no laundry on site
249,440,1,1.0,1,1,0,1,0,1,laundry on site
1120,925,2,1.0,0,0,1,0,0,0,no laundry on site
1035,771,2,1.0,1,1,1,0,0,0,laundry on site
1215,868,1,1.0,0,0,1,0,0,0,no laundry on site
1000,720,1,1.0,0,0,1,0,0,0,no laundry on site
952,762,1,1.0,1,1,1,0,0,0,no laundry on site
1199,900,2,2.0,1,1,1,1,0,0,w/d in unit
1300,900,2,2.0,1,1,1,1,0,0,w/d in unit
1585,1200,3,2.0,1,1,1,1,0,0,w/d in unit
1200,950,2,2.0,0,0,1,0,0,0,w/d in unit
1500,1200,3,2.0,1,1,1,1,0,0,w/d in unit
1590,1063,2,2.0,1,1,1,0,0,0,w/d in unit
1170,1107,2,2.0,0,0,1,0,0,0,no laundry on site
1725,1333,3,2.0,1,1,0,1,0,0,w/d in unit
929,686,2,1.0,1,1,1,0,0,0,laundry on site
1308,1032,2,2.0,0,0,1,0,0,0,no laundry on site
1075,965,2,2.0,1,1,1,0,0,0,w/d hookups
811,418,0,1.0,0,0,1,0,0,0,no laundry on site
0,500,1,1.0,0,0,1,0,0,0,laundry on site
679,240,0,1.0,0,0,1,0,0,0,no laundry on site
1106,700,1,1.0,0,0,1,0,0,0,no laundry on site
1065,1100,2,2.0,1,1,1,0,0,0,w/d in unit
975,926,2,2.0,0,0,1,0,0,0,no laundry on site
950,950,2,2.0,0,0,0,0,0,0,w/d in unit
950,950,2,2.0,0,0,0,0,0,0,w/d in unit
1141,865,2,1.0,1,1,1,0,0,0,no laundry on site
950,950,2,2.0,0,0,0,0,0,0,w/d in unit
950,950,2,2.0,0,0,0,0,0,0,w/d in unit
864,570,1,1.0,1,1,1,0,0,0,laundry on site
950,950,2,2.0,0,0,0,0,0,0,w/d in unit
866,570,1,1.0,1,1,1,0,0,0,laundry on site
950,950,2,2.0,0,0,0,0,0,0,w/d in unit
950,950,2,2.0,0,0,0,0,0,0,w/d in unit
950,950,2,2.0,0,0,0,0,0,0,w/d in unit
1215,925,2,1.0,0,0,1,0,0,0,no laundry on site
268,300,0,1.0,1,1,0,0,0,1,no laundry on site
1034,771,2,1.0,1,1,1,0,0,0,laundry on site
1319,980,2,2.0,0,0,1,0,0,0,no laundry on site
1200,868,1,1.0,0,0,1,0,0,0,no laundry on site
1595,1293,3,2.0,1,1,1,0,0,0,w/d in unit
1500,780,1,1.0,1,1,0,0,0,0,w/d in unit
1184,811,2,2.0,0,0,1,0,0,0,no laundry on site
900,950,2,1.0,0,0,1,0,0,0,w/d hookups
1221,827,1,1.0,1,1,1,1,0,0,w/d in unit
1535,1063,2,2.0,1,1,1,0,0,0,w/d in unit
1170,1107,2,2.0,0,0,1,0,0,0,no laundry on site
1065,1295,2,2.0,1,1,1,0,0,0,w/d in unit
1157,1152,2,2.0,1,1,1,0,0,0,w/d hookups
864,570,1,1.0,1,1,1,0,0,0,laundry on site
1221,774,1,1.0,0,0,1,0,0,0,no laundry on site
1251,996,2,2.0,1,1,0,0,0,0,no laundry on site
679,240,0,1.0,0,0,1,0,0,0,no laundry on site
888,618,1,1.0,0,0,1,0,0,0,no laundry on site
1128,600,1,1.0,0,0,1,0,0,0,no laundry on site
773,676,1,1.0,1,1,1,0,0,0,laundry on site
1710,1469,3,2.0,0,0,1,0,0,0,no laundry on site
268,300,0,1.0,1,1,0,0,0,1,laundry on site
0,900,1,1.0,0,0,1,0,0,0,laundry on site
995,1015,2,2.0,1,1,1,0,0,0,no laundry on site
795,730,1,1.0,1,1,1,0,0,0,no laundry on site
950,872,2,1.0,1,1,1,0,0,0,no laundry on site
995,800,2,1.0,1,1,1,0,0,0,w/d in unit
995,1015,2,2.0,1,1,1,0,0,0,no laundry on site
795,660,1,1.0,1,1,1,0,0,0,no laundry on site
995,900,2,2.0,1,1,1,0,0,0,no laundry on site
795,660,1,1.0,1,1,1,0,0,0,no laundry on site
795,730,1,1.0,1,1,1,0,0,0,no laundry on site
920,853,2,1.0,1,1,1,0,0,0,no laundry on site
875,636,2,1.0,1,1,1,0,0,0,no laundry on site
695,475,0,1.0,1,1,1,0,0,0,no laundry on site
1318,1183,2,2.0,0,0,1,0,0,0,no laundry on site
795,491,1,1.0,1,1,1,0,0,0,no laundry on site
1116,865,2,1.0,1,1,1,0,0,0,no laundry on site
1840,761,1,1.0,1,1,1,0,0,0,w/d in unit
1625,984,2,2.0,0,0,1,0,0,0,no laundry on site
929,686,2,1.0,1,1,1,0,0,0,laundry on site
870,570,1,1.0,1,1,1,0,0,0,laundry on site
2500,1795,2,2.0,0,0,1,0,0,0,no laundry on site
1245,959,2,2.0,1,1,1,0,0,0,w/d in unit
1085,1345,2,2.0,1,1,1,0,0,0,w/d in unit
1425,1213,2,2.0,0,0,1,0,0,0,no laundry on site
735,555,1,1.0,0,0,1,0,0,0,no laundry on site
1245,959,2,2.0,1,1,1,0,0,0,w/d in unit
904,600,1,1.0,1,1,1,0,0,0,w/d in unit
268,300,0,1.0,1,1,0,0,0,1,laundry on site
919,672,1,1.0,1,1,1,0,0,0,laundry on site
1099,955,1,1.0,0,0,1,0,0,0,no laundry on site
880,720,1,1.0,1,1,1,0,0,0,w/d in unit
1129,900,2,2.0,0,0,1,0,0,0,no laundry on site
1205,820,1,1.0,1,1,1,0,0,0,w/d in unit
1309,1137,2,2.0,0,0,1,0,0,0,no laundry on site
1235,900,2,2.0,0,0,1,0,0,0,no laundry on site
1833,1289,3,2.0,1,1,1,0,0,0,w/d in unit
1285,953,2,1.0,1,1,1,0,0,0,w/d in unit
1635,1188,3,2.0,1,1,1,0,0,0,w/d in unit
1324,750,1,1.0,1,1,1,0,0,0,laundry on site
1204,765,1,1.0,1,1,1,0,0,0,w/d in unit
1625,1200,3,2.0,1,1,1,1,0,0,w/d in unit
1159,900,2,2.0,0,0,1,0,0,0,no laundry on site
1575,1200,3,2.0,1,1,1,1,0,0,w/d in unit
1585,1063,2,2.0,1,1,1,0,0,0,w/d in unit
920,868,2,2.0,1,1,1,0,0,0,w/d in unit
1129,900,2,2.0,0,0,1,0,0,0,no laundry on site
1453,1200,3,2.0,0,0,1,0,0,0,no laundry on site
1000,876,3,1.0,1,1,1,0,0,0,laundry on site
1096,700,1,1.0,0,0,1,0,0,0,no laundry on site
1328,1050,2,2.0,1,1,1,0,0,0,w/d in unit
1100,767,2,1.0,1,1,1,0,0,0,laundry on site
1249,837,2,1.0,0,0,1,0,0,0,no laundry on site
1568,1000,2,2.0,0,0,1,0,0,0,no laundry on site
955,900,2,2.0,1,1,1,0,0,0,laundry on site
1100,767,2,1.0,1,1,1,0,0,0,laundry on site
975,707,1,1.0,1,1,1,0,0,0,w/d in unit
909,630,1,1.0,0,0,1,0,0,0,no laundry on site
1274,738,1,1.0,1,1,1,0,0,0,no laundry on site
1128,712,1,1.0,0,0,1,0,0,0,no laundry on site
1330,1147,2,2.0,1,1,1,0,0,0,w/d in unit
1365,1119,2,2.0,1,1,1,0,0,0,w/d in unit
1330,948,2,2.0,1,1,1,0,0,0,w/d in unit
1175,1009,2,2.0,0,0,1,0,0,0,no laundry on site
802,625,1,1.0,1,1,1,0,0,0,w/d in unit
950,495,1,0.0,1,1,1,0,0,0,laundry on site
1210,840,2,1.0,1,1,1,0,0,0,w/d in unit
1150,850,2,2.0,1,0,1,0,0,0,w/d hookups
1132,720,1,1.0,0,0,1,0,0,0,no laundry on site
1223,873,2,1.0,1,1,1,0,0,0,laundry on site
960,600,1,1.0,0,0,1,0,0,0,no laundry on site
950,996,3,2.0,1,1,1,0,0,0,w/d in unit
1000,876,3,1.0,1,1,1,0,0,0,laundry on site
995,744,1,1.0,1,1,1,0,0,0,w/d in unit
890,681,1,1.0,1,1,1,0,0,0,w/d in unit
1095,1365,2,2.0,1,1,1,0,0,0,w/d in unit
850,838,2,2.0,1,1,1,0,0,0,w/d in unit
1149,1181,2,2.0,1,1,1,0,0,0,w/d in unit
1195,840,2,1.0,0,0,1,0,0,0,no laundry on site
1595,1071,1,1.0,1,1,1,0,0,0,w/d in unit
1403,1180,2,2.0,1,1,1,0,0,0,w/d in unit
1000,876,3,1.0,1,1,1,0,0,0,laundry on site
1300,1167,2,2.0,0,0,1,0,0,0,no laundry on site
1390,980,2,2.5,1,1,1,0,0,0,w/d in unit
1335,693,1,1.0,1,1,0,1,0,0,w/d in unit
1183,805,2,2.0,1,1,1,0,0,0,laundry on site
907,900,2,2.0,1,1,1,0,0,0,laundry on site
1085,1365,2,2.0,1,1,1,0,0,0,w/d in unit
1221,862,2,1.0,1,1,1,0,0,0,w/d in unit
864,570,1,1.0,1,1,1,0,0,0,laundry on site
1195,692,1,1.0,1,1,1,0,0,0,w/d in unit
1225,900,2,2.0,0,0,1,0,0,0,no laundry on site
1310,1003,2,2.0,1,1,0,0,0,0,w/d in unit
1359,1050,2,2.0,1,1,1,0,0,0,w/d in unit
925,710,1,1.0,1,1,1,0,0,0,w/d in unit
1702,1152,3,2.0,1,1,1,0,0,0,w/d in unit
985,850,2,2.0,1,1,1,0,0,0,laundry on site
1010,756,1,1.0,1,1,1,0,0,0,w/d in unit
1212,865,2,2.0,1,1,1,0,0,0,laundry on site
912,800,1,1.0,1,1,1,0,0,0,w/d in unit
1345,956,2,2.0,0,0,1,0,0,0,w/d in unit
917,640,1,1.0,1,1,1,0,0,0,laundry on site
925,747,1,1.0,1,1,1,0,0,0,laundry on site
925,747,1,1.0,1,1,1,0,0,0,laundry on site
925,747,1,1.0,1,1,1,0,0,0,laundry on site
1030,884,2,2.0,1,1,1,0,0,0,laundry on site
925,747,1,1.0,1,1,1,0,0,0,laundry on site
795,491,0,1.0,1,1,1,0,0,0,w/d in unit
1353,1054,2,2.0,0,0,1,0,0,0,no laundry on site
1325,1204,3,2.0,0,0,1,0,0,0,no laundry on site
799,600,1,1.0,1,1,1,0,0,0,laundry on site
1275,900,2,2.0,0,0,1,0,0,0,no laundry on site
1000,967,2,2.0,1,1,1,0,0,0,w/d in unit
694,879,2,2.0,0,0,1,0,0,0,no laundry on site
1166,676,1,1.0,1,1,1,0,0,0,w/d in unit
1312,1018,2,2.0,1,1,0,0,0,0,w/d in unit
1115,700,1,1.0,1,1,1,0,0,0,w/d in unit
1000,967,2,2.0,1,1,1,0,0,0,w/d in unit
960,912,2,2.0,1,1,1,0,0,0,w/d in unit
960,912,2,2.0,1,1,1,0,0,0,w/d in unit
1625,743,1,1.0,1,1,1,1,1,0,w/d in unit
925,878,2,2.0,1,1,1,0,0,0,w/d in unit
1337,970,2,2.0,1,1,1,0,0,0,w/d in unit
1300,1000,2,2.0,1,1,1,0,0,0,w/d in unit
845,550,1,1.0,1,1,1,0,0,0,laundry on site
1121,662,1,1.0,0,0,1,0,0,0,no laundry on site
1172,715,1,1.0,1,1,1,0,0,0,w/d in unit
1577,862,1,1.0,0,0,1,0,0,0,no laundry on site
1416,1058,2,2.0,1,1,1,0,0,0,no laundry on site
1192,741,1,1.0,1,1,1,0,0,0,w/d in unit
800,767,2,1.0,1,1,1,0,0,0,laundry on site
1260,693,0,1.0,1,1,1,0,0,0,w/d in unit
940,675,1,1.0,1,1,1,0,0,0,w/d in unit
0,500,1,1.0,0,0,1,0,0,0,laundry on site
1300,1200,2,1.0,1,1,1,1,0,0,w/d in unit
1518,1195,3,2.0,0,0,1,0,0,0,no laundry on site
1381,1183,3,2.0,0,0,1,0,0,0,no laundry on site
1205,970,2,2.0,1,1,1,0,0,0,w/d in unit
1080,613,1,1.0,0,0,1,0,0,0,no laundry on site
1815,889,1,1.0,1,1,1,0,0,0,w/d in unit
1019,844,2,2.0,1,1,1,0,0,0,w/d in unit
770,597,1,1.0,1,1,1,0,0,0,w/d in unit
1299,1043,2,2.0,1,1,1,0,0,0,w/d in unit
1515,802,1,1.0,1,1,1,0,0,0,w/d in unit
1130,742,1,1.0,1,1,0,1,0,0,w/d in unit
1106,732,1,1.0,1,1,1,0,0,0,w/d in unit
1000,876,3,1.0,1,1,1,0,0,0,laundry on site
725,590,1,1.0,1,1,1,0,0,0,laundry on site
1320,768,1,1.0,1,1,1,0,0,0,w/d in unit
1308,980,2,2.0,0,0,1,0,0,0,no laundry on site
1677,1069,3,2.0,1,1,1,0,0,0,w/d in unit
1195,1054,2,2.0,1,1,1,0,0,0,w/d in unit
809,611,1,1.0,1,1,1,0,0,0,laundry on site
1250,950,2,2.0,1,1,1,0,0,0,w/d in unit
1400,900,2,2.0,0,0,1,0,0,0,w/d in unit
1395,1100,2,2.0,1,1,1,0,0,0,w/d in unit
1523,1201,3,2.0,0,0,1,0,0,0,no laundry on site
1015,720,1,1.0,0,0,1,0,0,0,no laundry on site
1031,695,1,1.0,0,0,1,0,0,0,no laundry on site
1670,1550,4,2.0,1,1,1,0,0,0,w/d in unit
1035,580,1,1.0,1,1,1,0,0,0,laundry on site
1159,792,1,1.0,0,0,1,0,0,0,no laundry on site
920,456,1,1.0,0,0,1,0,0,0,no laundry on site
1350,1135,2,2.0,0,0,1,0,0,0,no laundry on site
1525,965,2,2.0,0,0,1,0,0,0,no laundry on site
1180,689,1,1.0,0,0,1,0,0,0,no laundry on site
1165,707,1,1.0,1,1,1,0,0,0,w/d in unit
1205,840,2,1.0,1,1,1,0,0,0,laundry on site
1450,1006,2,2.0,0,0,1,0,0,0,no laundry on site
